37.0,6,1,0
2.0,6,1,1
0.0,6,1,2
0.0,6,1,3
0.0,6,1,4
0.0,6,1,5
0.0,6,1,6
0.0,6,1,7
0.0,6,1,8
0.0,6,1,9
0.0,6,1,10
0.0,6,1,11
0.0,6,1,12
81.0,6,1,13
236.0,6,1,14
540.0,6,1,15
910.0,6,1,16
754.0,6,1,17
277.0,6,1,18
250.0,6,1,19
555.0,6,1,20
101.0,6,1,21
118.0,6,1,22
169.0,6,1,23
109.0,6,2,0
5.0,6,2,1
0.0,6,2,2
0.0,6,2,3
0.0,6,2,4
0.0,6,2,5
0.0,6,2,6
0.0,6,2,7
0.0,6,2,8
0.0,6,2,9
0.0,6,2,10
0.0,6,2,11
1.0,6,2,12
121.0,6,2,13
407.0,6,2,14
652.0,6,2,15
868.0,6,2,16
1066.0,6,2,17
1128.0,6,2,18
429.0,6,2,19
375.0,6,2,20
349.0,6,2,21
506.0,6,2,22
395.0,6,2,23
141.0,6,3,0
17.0,6,3,1
0.0,6,3,2
0.0,6,3,3
0.0,6,3,4
0.0,6,3,5
0.0,6,3,6
0.0,6,3,7
0.0,6,3,8
0.0,6,3,9
0.0,6,3,10
0.0,6,3,11
1.0,6,3,12
39.0,6,3,13
217.0,6,3,14
280.0,6,3,15
514.0,6,3,16
948.0,6,3,17
1166.0,6,3,18
938.0,6,3,19
601.0,6,3,20
568.0,6,3,21
411.0,6,3,22
162.0,6,3,23
96.0,6,4,0
34.0,6,4,1
0.0,6,4,2
0.0,6,4,3
0.0,6,4,4
0.0,6,4,5
0.0,6,4,6
0.0,6,4,7
0.0,6,4,8
0.0,6,4,9
0.0,6,4,10
0.0,6,4,11
0.0,6,4,12
155.0,6,4,13
411.0,6,4,14
669.0,6,4,15
841.0,6,4,16
266.0,6,4,17
196.0,6,4,18
124.0,6,4,19
829.0,6,4,20
218.0,6,4,21
191.0,6,4,22
186.0,6,4,23
143.0,6,5,0
25.0,6,5,1
0.0,6,5,2
0.0,6,5,3
0.0,6,5,4
0.0,6,5,5
0.0,6,5,6
0.0,6,5,7
0.0,6,5,8
0.0,6,5,9
0.0,6,5,10
0.0,6,5,11
1.0,6,5,12
121.0,6,5,13
389.0,6,5,14
399.0,6,5,15
419.0,6,5,16
295.0,6,5,17
415.0,6,5,18
451.0,6,5,19
162.0,6,5,20
174.0,6,5,21
274.0,6,5,22
107.0,6,5,23
12.0,6,6,0
4.0,6,6,1
0.0,6,6,2
0.0,6,6,3
0.0,6,6,4
0.0,6,6,5
0.0,6,6,6
0.0,6,6,7
0.0,6,6,8
0.0,6,6,9
0.0,6,6,10
0.0,6,6,11
3.0,6,6,12
84.0,6,6,13
199.0,6,6,14
701.0,6,6,15
724.0,6,6,16
1096.0,6,6,17
592.0,6,6,18
352.0,6,6,19
25.0,6,6,20
29.0,6,6,21
51.0,6,6,22
214.0,6,6,23
131.0,6,7,0
60.0,6,7,1
0.0,6,7,2
0.0,6,7,3
0.0,6,7,4
0.0,6,7,5
0.0,6,7,6
0.0,6,7,7
0.0,6,7,8
0.0,6,7,9
0.0,6,7,10
0.0,6,7,11
1.0,6,7,12
10.0,6,7,13
161.0,6,7,14
245.0,6,7,15
794.0,6,7,16
134.0,6,7,17
637.0,6,7,18
877.0,6,7,19
698.0,6,7,20
476.0,6,7,21
111.0,6,7,22
260.0,6,7,23
210.0,6,8,0
13.0,6,8,1
0.0,6,8,2
0.0,6,8,3
0.0,6,8,4
0.0,6,8,5
0.0,6,8,6
0.0,6,8,7
0.0,6,8,8
0.0,6,8,9
0.0,6,8,10
0.0,6,8,11
0.0,6,8,12
148.0,6,8,13
410.0,6,8,14
660.0,6,8,15
876.0,6,8,16
1049.0,6,8,17
1074.0,6,8,18
1146.0,6,8,19
675.0,6,8,20
699.0,6,8,21
624.0,6,8,22
465.0,6,8,23
93.0,6,9,0
15.0,6,9,1
0.0,6,9,2
0.0,6,9,3
0.0,6,9,4
0.0,6,9,5
0.0,6,9,6
0.0,6,9,7
0.0,6,9,8
0.0,6,9,9
0.0,6,9,10
0.0,6,9,11
2.0,6,9,12
142.0,6,9,13
413.0,6,9,14
669.0,6,9,15
882.0,6,9,16
1046.0,6,9,17
1132.0,6,9,18
1141.0,6,9,19
680.0,6,9,20
698.0,6,9,21
610.0,6,9,22
437.0,6,9,23
93.0,6,10,0
12.0,6,10,1
0.0,6,10,2
0.0,6,10,3
0.0,6,10,4
0.0,6,10,5
0.0,6,10,6
0.0,6,10,7
0.0,6,10,8
0.0,6,10,9
0.0,6,10,10
0.0,6,10,11
3.0,6,10,12
120.0,6,10,13
400.0,6,10,14
645.0,6,10,15
855.0,6,10,16
745.0,6,10,17
464.0,6,10,18
742.0,6,10,19
650.0,6,10,20
795.0,6,10,21
581.0,6,10,22
230.0,6,10,23
121.0,6,11,0
26.0,6,11,1
0.0,6,11,2
0.0,6,11,3
0.0,6,11,4
0.0,6,11,5
0.0,6,11,6
0.0,6,11,7
0.0,6,11,8
0.0,6,11,9
0.0,6,11,10
0.0,6,11,11
0.0,6,11,12
151.0,6,11,13
400.0,6,11,14
647.0,6,11,15
851.0,6,11,16
1023.0,6,11,17
544.0,6,11,18
1027.0,6,11,19
655.0,6,11,20
527.0,6,11,21
201.0,6,11,22
198.0,6,11,23
93.0,6,12,0
18.0,6,12,1
0.0,6,12,2
0.0,6,12,3
0.0,6,12,4
0.0,6,12,5
0.0,6,12,6
0.0,6,12,7
0.0,6,12,8
0.0,6,12,9
0.0,6,12,10
0.0,6,12,11
1.0,6,12,12
143.0,6,12,13
389.0,6,12,14
595.0,6,12,15
868.0,6,12,16
889.0,6,12,17
871.0,6,12,18
1156.0,6,12,19
519.0,6,12,20
195.0,6,12,21
166.0,6,12,22
370.0,6,12,23
41.0,6,13,0
10.0,6,13,1
0.0,6,13,2
0.0,6,13,3
0.0,6,13,4
0.0,6,13,5
0.0,6,13,6
0.0,6,13,7
0.0,6,13,8
0.0,6,13,9
0.0,6,13,10
0.0,6,13,11
6.0,6,13,12
58.0,6,13,13
370.0,6,13,14
698.0,6,13,15
675.0,6,13,16
344.0,6,13,17
348.0,6,13,18
152.0,6,13,19
328.0,6,13,20
136.0,6,13,21
644.0,6,13,22
19.0,6,13,23
66.0,6,14,0
29.0,6,14,1
0.0,6,14,2
0.0,6,14,3
0.0,6,14,4
0.0,6,14,5
0.0,6,14,6
0.0,6,14,7
0.0,6,14,8
0.0,6,14,9
0.0,6,14,10
0.0,6,14,11
1.0,6,14,12
54.0,6,14,13
246.0,6,14,14
352.0,6,14,15
568.0,6,14,16
394.0,6,14,17
615.0,6,14,18
577.0,6,14,19
213.0,6,14,20
75.0,6,14,21
136.0,6,14,22
117.0,6,14,23
37.0,6,15,0
1.0,6,15,1
0.0,6,15,2
0.0,6,15,3
0.0,6,15,4
0.0,6,15,5
0.0,6,15,6
0.0,6,15,7
0.0,6,15,8
0.0,6,15,9
0.0,6,15,10
0.0,6,15,11
1.0,6,15,12
39.0,6,15,13
287.0,6,15,14
86.0,6,15,15
88.0,6,15,16
92.0,6,15,17
80.0,6,15,18
147.0,6,15,19
210.0,6,15,20
64.0,6,15,21
57.0,6,15,22
49.0,6,15,23
22.0,6,16,0
10.0,6,16,1
0.0,6,16,2
0.0,6,16,3
0.0,6,16,4
0.0,6,16,5
0.0,6,16,6
0.0,6,16,7
0.0,6,16,8
0.0,6,16,9
0.0,6,16,10
0.0,6,16,11
0.0,6,16,12
79.0,6,16,13
438.0,6,16,14
268.0,6,16,15
782.0,6,16,16
1083.0,6,16,17
1142.0,6,16,18
732.0,6,16,19
102.0,6,16,20
423.0,6,16,21
256.0,6,16,22
444.0,6,16,23
277.0,6,17,0
60.0,6,17,1
0.0,6,17,2
0.0,6,17,3
0.0,6,17,4
0.0,6,17,5
0.0,6,17,6
0.0,6,17,7
0.0,6,17,8
0.0,6,17,9
0.0,6,17,10
0.0,6,17,11
0.0,6,17,12
190.0,6,17,13
433.0,6,17,14
491.0,6,17,15
199.0,6,17,16
269.0,6,17,17
157.0,6,17,18
112.0,6,17,19
243.0,6,17,20
334.0,6,17,21
845.0,6,17,22
170.0,6,17,23
14.0,6,18,0
1.0,6,18,1
0.0,6,18,2
0.0,6,18,3
0.0,6,18,4
0.0,6,18,5
0.0,6,18,6
0.0,6,18,7
0.0,6,18,8
0.0,6,18,9
0.0,6,18,10
0.0,6,18,11
0.0,6,18,12
24.0,6,18,13
19.0,6,18,14
206.0,6,18,15
400.0,6,18,16
159.0,6,18,17
335.0,6,18,18
137.0,6,18,19
136.0,6,18,20
405.0,6,18,21
252.0,6,18,22
172.0,6,18,23
119.0,6,19,0
22.0,6,19,1
0.0,6,19,2
0.0,6,19,3
0.0,6,19,4
0.0,6,19,5
0.0,6,19,6
0.0,6,19,7
0.0,6,19,8
0.0,6,19,9
0.0,6,19,10
0.0,6,19,11
1.0,6,19,12
88.0,6,19,13
172.0,6,19,14
670.0,6,19,15
633.0,6,19,16
579.0,6,19,17
179.0,6,19,18
205.0,6,19,19
74.0,6,19,20
13.0,6,19,21
10.0,6,19,22
15.0,6,19,23
35.0,6,20,0
4.0,6,20,1
0.0,6,20,2
0.0,6,20,3
0.0,6,20,4
0.0,6,20,5
0.0,6,20,6
0.0,6,20,7
0.0,6,20,8
0.0,6,20,9
0.0,6,20,10
0.0,6,20,11
0.0,6,20,12
9.0,6,20,13
21.0,6,20,14
66.0,6,20,15
127.0,6,20,16
336.0,6,20,17
339.0,6,20,18
440.0,6,20,19
789.0,6,20,20
395.0,6,20,21
461.0,6,20,22
70.0,6,20,23
62.0,6,21,0
8.0,6,21,1
0.0,6,21,2
0.0,6,21,3
0.0,6,21,4
0.0,6,21,5
0.0,6,21,6
0.0,6,21,7
0.0,6,21,8
0.0,6,21,9
0.0,6,21,10
0.0,6,21,11
0.0,6,21,12
72.0,6,21,13
478.0,6,21,14
659.0,6,21,15
456.0,6,21,16
198.0,6,21,17
83.0,6,21,18
33.0,6,21,19
84.0,6,21,20
396.0,6,21,21
636.0,6,21,22
72.0,6,21,23
21.0,6,22,0
3.0,6,22,1
0.0,6,22,2
0.0,6,22,3
0.0,6,22,4
0.0,6,22,5
0.0,6,22,6
0.0,6,22,7
0.0,6,22,8
0.0,6,22,9
0.0,6,22,10
0.0,6,22,11
0.0,6,22,12
8.0,6,22,13
47.0,6,22,14
120.0,6,22,15
284.0,6,22,16
765.0,6,22,17
877.0,6,22,18
1151.0,6,22,19
481.0,6,22,20
88.0,6,22,21
65.0,6,22,22
123.0,6,22,23
59.0,6,23,0
3.0,6,23,1
0.0,6,23,2
0.0,6,23,3
0.0,6,23,4
-99.0,6,23,5
0.0,6,23,6
-99.0,6,23,7
0.0,6,23,8
0.0,6,23,9
0.0,6,23,10
0.0,6,23,11
0.0,6,23,12
66.0,6,23,13
101.0,6,23,14
138.0,6,23,15
284.0,6,23,16
191.0,6,23,17
422.0,6,23,18
843.0,6,23,19
378.0,6,23,20
365.0,6,23,21
315.0,6,23,22
173.0,6,23,23
67.0,6,24,0
4.0,6,24,1
0.0,6,24,2
0.0,6,24,3
0.0,6,24,4
0.0,6,24,5
0.0,6,24,6
0.0,6,24,7
0.0,6,24,8
0.0,6,24,9
0.0,6,24,10
0.0,6,24,11
0.0,6,24,12
40.0,6,24,13
216.0,6,24,14
300.0,6,24,15
412.0,6,24,16
612.0,6,24,17
284.0,6,24,18
530.0,6,24,19
256.0,6,24,20
559.0,6,24,21
179.0,6,24,22
69.0,6,24,23
84.0,6,25,0
11.0,6,25,1
0.0,6,25,2
0.0,6,25,3
0.0,6,25,4
0.0,6,25,5
0.0,6,25,6
0.0,6,25,7
0.0,6,25,8
0.0,6,25,9
0.0,6,25,10
0.0,6,25,11
0.0,6,25,12
46.0,6,25,13
362.0,6,25,14
135.0,6,25,15
154.0,6,25,16
368.0,6,25,17
1100.0,6,25,18
41.0,6,25,19
93.0,6,25,20
19.0,6,25,21
15.0,6,25,22
45.0,6,25,23
63.0,6,26,0
3.0,6,26,1
0.0,6,26,2
0.0,6,26,3
0.0,6,26,4
0.0,6,26,5
0.0,6,26,6
0.0,6,26,7
0.0,6,26,8
0.0,6,26,9
0.0,6,26,10
0.0,6,26,11
0.0,6,26,12
42.0,6,26,13
383.0,6,26,14
513.0,6,26,15
210.0,6,26,16
105.0,6,26,17
112.0,6,26,18
208.0,6,26,19
181.0,6,26,20
630.0,6,26,21
95.0,6,26,22
135.0,6,26,23
7.0,6,27,0
17.0,6,27,1
0.0,6,27,2
0.0,6,27,3
0.0,6,27,4
0.0,6,27,5
0.0,6,27,6
0.0,6,27,7
0.0,6,27,8
0.0,6,27,9
0.0,6,27,10
0.0,6,27,11
0.0,6,27,12
20.0,6,27,13
38.0,6,27,14
43.0,6,27,15
249.0,6,27,16
158.0,6,27,17
263.0,6,27,18
248.0,6,27,19
272.0,6,27,20
171.0,6,27,21
257.0,6,27,22
167.0,6,27,23
117.0,6,28,0
34.0,6,28,1
0.0,6,28,2
0.0,6,28,3
0.0,6,28,4
0.0,6,28,5
0.0,6,28,6
0.0,6,28,7
0.0,6,28,8
0.0,6,28,9
0.0,6,28,10
0.0,6,28,11
0.0,6,28,12
57.0,6,28,13
150.0,6,28,14
576.0,6,28,15
177.0,6,28,16
72.0,6,28,17
697.0,6,28,18
288.0,6,28,19
388.0,6,28,20
224.0,6,28,21
92.0,6,28,22
45.0,6,28,23
101.0,6,29,0
10.0,6,29,1
0.0,6,29,2
0.0,6,29,3
0.0,6,29,4
0.0,6,29,5
0.0,6,29,6
0.0,6,29,7
0.0,6,29,8
0.0,6,29,9
0.0,6,29,10
0.0,6,29,11
0.0,6,29,12
82.0,6,29,13
172.0,6,29,14
567.0,6,29,15
335.0,6,29,16
68.0,6,29,17
83.0,6,29,18
102.0,6,29,19
275.0,6,29,20
309.0,6,29,21
96.0,6,29,22
17.0,6,29,23
21.0,6,30,0
6.0,6,30,1
0.0,6,30,2
0.0,6,30,3
0.0,6,30,4
0.0,6,30,5
0.0,6,30,6
0.0,6,30,7
0.0,6,30,8
0.0,6,30,9
0.0,6,30,10
0.0,6,30,11
0.0,6,30,12
19.0,6,30,13
57.0,6,30,14
261.0,6,30,15
438.0,6,30,16
695.0,6,30,17
1119.0,6,30,18
1073.0,6,30,19
647.0,6,30,20
685.0,6,30,21
480.0,6,30,22
283.0,6,30,23
