62.0,8,1,0
84.0,8,1,1
192.0,8,1,2
57.0,8,1,3
292.0,8,1,4
6.0,8,1,5
154.0,8,1,6
32.0,8,1,7
340.0,8,1,8
38.0,8,1,9
32.0,8,1,10
39.0,8,1,11
41.0,8,1,12
40.0,8,1,13
186.0,8,1,14
266.0,8,1,15
198.0,8,1,16
221.0,8,1,17
159.0,8,1,18
202.0,8,1,19
272.0,8,1,20
179.0,8,1,21
189.0,8,1,22
336.0,8,1,23
33.0,8,2,0
119.0,8,2,1
215.0,8,2,2
29.0,8,2,3
359.0,8,2,4
123.0,8,2,5
190.0,8,2,6
122.0,8,2,7
58.0,8,2,8
37.0,8,2,9
15.0,8,2,10
103.0,8,2,11
40.0,8,2,12
135.0,8,2,13
14.0,8,2,14
170.0,8,2,15
176.0,8,2,16
319.0,8,2,17
183.0,8,2,18
205.0,8,2,19
169.0,8,2,20
347.0,8,2,21
185.0,8,2,22
149.0,8,2,23
347.0,8,3,0
128.0,8,3,1
27.0,8,3,2
30.0,8,3,3
33.0,8,3,4
37.0,8,3,5
249.0,8,3,6
34.0,8,3,7
49.0,8,3,8
66.0,8,3,9
28.0,8,3,10
29.0,8,3,11
35.0,8,3,12
60.0,8,3,13
145.0,8,3,14
255.0,8,3,15
175.0,8,3,16
200.0,8,3,17
244.0,8,3,18
278.0,8,3,19
151.0,8,3,20
163.0,8,3,21
165.0,8,3,22
208.0,8,3,23
6.0,8,4,0
304.0,8,4,1
202.0,8,4,2
6.0,8,4,3
51.0,8,4,4
69.0,8,4,5
40.0,8,4,6
35.0,8,4,7
35.0,8,4,8
44.0,8,4,9
34.0,8,4,10
31.0,8,4,11
36.0,8,4,12
29.0,8,4,13
160.0,8,4,14
169.0,8,4,15
174.0,8,4,16
201.0,8,4,17
153.0,8,4,18
221.0,8,4,19
210.0,8,4,20
152.0,8,4,21
344.0,8,4,22
1.0,8,4,23
20.0,8,5,0
84.0,8,5,1
49.0,8,5,2
149.0,8,5,3
340.0,8,5,4
327.0,8,5,5
31.0,8,5,6
285.0,8,5,7
135.0,8,5,8
305.0,8,5,9
106.0,8,5,10
285.0,8,5,11
318.0,8,5,12
52.0,8,5,13
168.0,8,5,14
171.0,8,5,15
300.0,8,5,16
173.0,8,5,17
154.0,8,5,18
184.0,8,5,19
194.0,8,5,20
14.0,8,5,21
320.0,8,5,22
39.0,8,5,23
34.0,8,6,0
36.0,8,6,1
61.0,8,6,2
30.0,8,6,3
71.0,8,6,4
296.0,8,6,5
32.0,8,6,6
31.0,8,6,7
32.0,8,6,8
21.0,8,6,9
43.0,8,6,10
125.0,8,6,11
23.0,8,6,12
82.0,8,6,13
115.0,8,6,14
176.0,8,6,15
176.0,8,6,16
162.0,8,6,17
173.0,8,6,18
162.0,8,6,19
184.0,8,6,20
187.0,8,6,21
229.0,8,6,22
176.0,8,6,23
262.0,8,7,0
35.0,8,7,1
42.0,8,7,2
202.0,8,7,3
56.0,8,7,4
88.0,8,7,5
17.0,8,7,6
328.0,8,7,7
6.0,8,7,8
100.0,8,7,9
345.0,8,7,10
167.0,8,7,11
66.0,8,7,12
190.0,8,7,13
293.0,8,7,14
180.0,8,7,15
176.0,8,7,16
170.0,8,7,17
164.0,8,7,18
163.0,8,7,19
208.0,8,7,20
179.0,8,7,21
167.0,8,7,22
297.0,8,7,23
26.0,8,8,0
51.0,8,8,1
58.0,8,8,2
41.0,8,8,3
148.0,8,8,4
171.0,8,8,5
41.0,8,8,6
90.0,8,8,7
119.0,8,8,8
209.0,8,8,9
32.0,8,8,10
34.0,8,8,11
13.0,8,8,12
38.0,8,8,13
276.0,8,8,14
171.0,8,8,15
279.0,8,8,16
214.0,8,8,17
189.0,8,8,18
199.0,8,8,19
157.0,8,8,20
208.0,8,8,21
190.0,8,8,22
179.0,8,8,23
159.0,8,9,0
37.0,8,9,1
359.0,8,9,2
358.0,8,9,3
350.0,8,9,4
152.0,8,9,5
312.0,8,9,6
226.0,8,9,7
140.0,8,9,8
4.0,8,9,9
58.0,8,9,10
125.0,8,9,11
26.0,8,9,12
119.0,8,9,13
282.0,8,9,14
151.0,8,9,15
169.0,8,9,16
171.0,8,9,17
138.0,8,9,18
171.0,8,9,19
195.0,8,9,20
166.0,8,9,21
175.0,8,9,22
170.0,8,9,23
145.0,8,10,0
28.0,8,10,1
84.0,8,10,2
205.0,8,10,3
33.0,8,10,4
82.0,8,10,5
305.0,8,10,6
134.0,8,10,7
150.0,8,10,8
95.0,8,10,9
134.0,8,10,10
105.0,8,10,11
132.0,8,10,12
38.0,8,10,13
207.0,8,10,14
162.0,8,10,15
163.0,8,10,16
175.0,8,10,17
192.0,8,10,18
182.0,8,10,19
172.0,8,10,20
168.0,8,10,21
184.0,8,10,22
188.0,8,10,23
302.0,8,11,0
330.0,8,11,1
50.0,8,11,2
18.0,8,11,3
124.0,8,11,4
42.0,8,11,5
351.0,8,11,6
38.0,8,11,7
50.0,8,11,8
35.0,8,11,9
29.0,8,11,10
39.0,8,11,11
33.0,8,11,12
66.0,8,11,13
123.0,8,11,14
190.0,8,11,15
229.0,8,11,16
156.0,8,11,17
191.0,8,11,18
157.0,8,11,19
188.0,8,11,20
156.0,8,11,21
242.0,8,11,22
242.0,8,11,23
276.0,8,12,0
278.0,8,12,1
1.0,8,12,2
318.0,8,12,3
264.0,8,12,4
112.0,8,12,5
315.0,8,12,6
288.0,8,12,7
342.0,8,12,8
210.0,8,12,9
191.0,8,12,10
261.0,8,12,11
322.0,8,12,12
264.0,8,12,13
286.0,8,12,14
159.0,8,12,15
218.0,8,12,16
172.0,8,12,17
158.0,8,12,18
169.0,8,12,19
252.0,8,12,20
336.0,8,12,21
263.0,8,12,22
192.0,8,12,23
23.0,8,13,0
142.0,8,13,1
236.0,8,13,2
231.0,8,13,3
325.0,8,13,4
309.0,8,13,5
44.0,8,13,6
318.0,8,13,7
65.0,8,13,8
276.0,8,13,9
39.0,8,13,10
61.0,8,13,11
340.0,8,13,12
34.0,8,13,13
192.0,8,13,14
142.0,8,13,15
198.0,8,13,16
183.0,8,13,17
317.0,8,13,18
187.0,8,13,19
203.0,8,13,20
221.0,8,13,21
224.0,8,13,22
181.0,8,13,23
200.0,8,14,0
19.0,8,14,1
109.0,8,14,2
314.0,8,14,3
296.0,8,14,4
299.0,8,14,5
321.0,8,14,6
13.0,8,14,7
326.0,8,14,8
111.0,8,14,9
21.0,8,14,10
33.0,8,14,11
37.0,8,14,12
59.0,8,14,13
345.0,8,14,14
287.0,8,14,15
164.0,8,14,16
309.0,8,14,17
202.0,8,14,18
161.0,8,14,19
136.0,8,14,20
205.0,8,14,21
199.0,8,14,22
212.0,8,14,23
331.0,8,15,0
150.0,8,15,1
44.0,8,15,2
50.0,8,15,3
32.0,8,15,4
91.0,8,15,5
337.0,8,15,6
21.0,8,15,7
45.0,8,15,8
26.0,8,15,9
43.0,8,15,10
52.0,8,15,11
301.0,8,15,12
127.0,8,15,13
173.0,8,15,14
177.0,8,15,15
175.0,8,15,16
165.0,8,15,17
189.0,8,15,18
146.0,8,15,19
185.0,8,15,20
160.0,8,15,21
306.0,8,15,22
264.0,8,15,23
281.0,8,16,0
342.0,8,16,1
42.0,8,16,2
49.0,8,16,3
351.0,8,16,4
351.0,8,16,5
26.0,8,16,6
20.0,8,16,7
38.0,8,16,8
31.0,8,16,9
317.0,8,16,10
73.0,8,16,11
38.0,8,16,12
301.0,8,16,13
288.0,8,16,14
264.0,8,16,15
172.0,8,16,16
219.0,8,16,17
176.0,8,16,18
303.0,8,16,19
203.0,8,16,20
232.0,8,16,21
208.0,8,16,22
249.0,8,16,23
279.0,8,17,0
24.0,8,17,1
23.0,8,17,2
35.0,8,17,3
77.0,8,17,4
37.0,8,17,5
66.0,8,17,6
57.0,8,17,7
299.0,8,17,8
297.0,8,17,9
146.0,8,17,10
317.0,8,17,11
32.0,8,17,12
127.0,8,17,13
310.0,8,17,14
159.0,8,17,15
205.0,8,17,16
135.0,8,17,17
191.0,8,17,18
208.0,8,17,19
173.0,8,17,20
-99.0,8,17,21
176.0,8,17,22
307.0,8,17,23
30.0,8,18,0
338.0,8,18,1
348.0,8,18,2
125.0,8,18,3
147.0,8,18,4
44.0,8,18,5
37.0,8,18,6
33.0,8,18,7
26.0,8,18,8
300.0,8,18,9
124.0,8,18,10
185.0,8,18,11
303.0,8,18,12
32.0,8,18,13
166.0,8,18,14
254.0,8,18,15
176.0,8,18,16
163.0,8,18,17
183.0,8,18,18
208.0,8,18,19
143.0,8,18,20
262.0,8,18,21
173.0,8,18,22
199.0,8,18,23
30.0,8,19,0
28.0,8,19,1
39.0,8,19,2
48.0,8,19,3
36.0,8,19,4
31.0,8,19,5
38.0,8,19,6
22.0,8,19,7
123.0,8,19,8
16.0,8,19,9
193.0,8,19,10
68.0,8,19,11
40.0,8,19,12
42.0,8,19,13
236.0,8,19,14
153.0,8,19,15
159.0,8,19,16
170.0,8,19,17
163.0,8,19,18
189.0,8,19,19
118.0,8,19,20
195.0,8,19,21
179.0,8,19,22
177.0,8,19,23
320.0,8,20,0
19.0,8,20,1
297.0,8,20,2
28.0,8,20,3
355.0,8,20,4
48.0,8,20,5
35.0,8,20,6
53.0,8,20,7
49.0,8,20,8
36.0,8,20,9
44.0,8,20,10
37.0,8,20,11
67.0,8,20,12
23.0,8,20,13
171.0,8,20,14
196.0,8,20,15
165.0,8,20,16
168.0,8,20,17
169.0,8,20,18
197.0,8,20,19
211.0,8,20,20
187.0,8,20,21
185.0,8,20,22
336.0,8,20,23
185.0,8,21,0
43.0,8,21,1
143.0,8,21,2
314.0,8,21,3
29.0,8,21,4
335.0,8,21,5
344.0,8,21,6
359.0,8,21,7
256.0,8,21,8
82.0,8,21,9
32.0,8,21,10
357.0,8,21,11
7.0,8,21,12
35.0,8,21,13
158.0,8,21,14
160.0,8,21,15
185.0,8,21,16
157.0,8,21,17
206.0,8,21,18
151.0,8,21,19
271.0,8,21,20
231.0,8,21,21
182.0,8,21,22
202.0,8,21,23
35.0,8,22,0
297.0,8,22,1
151.0,8,22,2
25.0,8,22,3
141.0,8,22,4
36.0,8,22,5
30.0,8,22,6
98.0,8,22,7
25.0,8,22,8
43.0,8,22,9
49.0,8,22,10
134.0,8,22,11
22.0,8,22,12
4.0,8,22,13
154.0,8,22,14
157.0,8,22,15
201.0,8,22,16
182.0,8,22,17
165.0,8,22,18
156.0,8,22,19
158.0,8,22,20
200.0,8,22,21
180.0,8,22,22
264.0,8,22,23
203.0,8,23,0
39.0,8,23,1
66.0,8,23,2
159.0,8,23,3
129.0,8,23,4
86.0,8,23,5
69.0,8,23,6
71.0,8,23,7
100.0,8,23,8
42.0,8,23,9
142.0,8,23,10
329.0,8,23,11
109.0,8,23,12
11.0,8,23,13
17.0,8,23,14
198.0,8,23,15
181.0,8,23,16
156.0,8,23,17
194.0,8,23,18
279.0,8,23,19
185.0,8,23,20
187.0,8,23,21
198.0,8,23,22
175.0,8,23,23
282.0,8,24,0
43.0,8,24,1
38.0,8,24,2
36.0,8,24,3
317.0,8,24,4
69.0,8,24,5
38.0,8,24,6
58.0,8,24,7
277.0,8,24,8
148.0,8,24,9
42.0,8,24,10
352.0,8,24,11
29.0,8,24,12
36.0,8,24,13
249.0,8,24,14
231.0,8,24,15
191.0,8,24,16
246.0,8,24,17
180.0,8,24,18
182.0,8,24,19
175.0,8,24,20
166.0,8,24,21
168.0,8,24,22
61.0,8,24,23
177.0,8,25,0
61.0,8,25,1
42.0,8,25,2
58.0,8,25,3
164.0,8,25,4
225.0,8,25,5
8.0,8,25,6
43.0,8,25,7
43.0,8,25,8
54.0,8,25,9
46.0,8,25,10
180.0,8,25,11
213.0,8,25,12
253.0,8,25,13
158.0,8,25,14
285.0,8,25,15
252.0,8,25,16
229.0,8,25,17
174.0,8,25,18
206.0,8,25,19
117.0,8,25,20
322.0,8,25,21
263.0,8,25,22
304.0,8,25,23
355.0,8,26,0
10.0,8,26,1
339.0,8,26,2
268.0,8,26,3
240.0,8,26,4
225.0,8,26,5
64.0,8,26,6
129.0,8,26,7
54.0,8,26,8
155.0,8,26,9
351.0,8,26,10
26.0,8,26,11
51.0,8,26,12
260.0,8,26,13
69.0,8,26,14
167.0,8,26,15
193.0,8,26,16
152.0,8,26,17
274.0,8,26,18
213.0,8,26,19
223.0,8,26,20
322.0,8,26,21
330.0,8,26,22
340.0,8,26,23
22.0,8,27,0
135.0,8,27,1
43.0,8,27,2
129.0,8,27,3
318.0,8,27,4
306.0,8,27,5
245.0,8,27,6
165.0,8,27,7
191.0,8,27,8
69.0,8,27,9
351.0,8,27,10
41.0,8,27,11
35.0,8,27,12
213.0,8,27,13
144.0,8,27,14
177.0,8,27,15
197.0,8,27,16
164.0,8,27,17
247.0,8,27,18
299.0,8,27,19
238.0,8,27,20
283.0,8,27,21
121.0,8,27,22
44.0,8,27,23
83.0,8,28,0
321.0,8,28,1
49.0,8,28,2
42.0,8,28,3
95.0,8,28,4
32.0,8,28,5
32.0,8,28,6
36.0,8,28,7
43.0,8,28,8
76.0,8,28,9
44.0,8,28,10
107.0,8,28,11
78.0,8,28,12
43.0,8,28,13
275.0,8,28,14
227.0,8,28,15
239.0,8,28,16
216.0,8,28,17
222.0,8,28,18
240.0,8,28,19
273.0,8,28,20
316.0,8,28,21
265.0,8,28,22
279.0,8,28,23
250.0,8,29,0
341.0,8,29,1
334.0,8,29,2
31.0,8,29,3
108.0,8,29,4
81.0,8,29,5
141.0,8,29,6
118.0,8,29,7
305.0,8,29,8
229.0,8,29,9
32.0,8,29,10
341.0,8,29,11
312.0,8,29,12
128.0,8,29,13
263.0,8,29,14
298.0,8,29,15
182.0,8,29,16
172.0,8,29,17
162.0,8,29,18
250.0,8,29,19
185.0,8,29,20
181.0,8,29,21
101.0,8,29,22
27.0,8,29,23
231.0,8,30,0
148.0,8,30,1
34.0,8,30,2
234.0,8,30,3
128.0,8,30,4
285.0,8,30,5
93.0,8,30,6
337.0,8,30,7
277.0,8,30,8
86.0,8,30,9
315.0,8,30,10
301.0,8,30,11
315.0,8,30,12
292.0,8,30,13
110.0,8,30,14
202.0,8,30,15
118.0,8,30,16
195.0,8,30,17
191.0,8,30,18
228.0,8,30,19
176.0,8,30,20
180.0,8,30,21
261.0,8,30,22
257.0,8,30,23
338.0,8,31,0
343.0,8,31,1
87.0,8,31,2
173.0,8,31,3
178.0,8,31,4
160.0,8,31,5
134.0,8,31,6
109.0,8,31,7
267.0,8,31,8
181.0,8,31,9
150.0,8,31,10
33.0,8,31,11
50.0,8,31,12
60.0,8,31,13
139.0,8,31,14
235.0,8,31,15
148.0,8,31,16
170.0,8,31,17
166.0,8,31,18
176.0,8,31,19
161.0,8,31,20
182.0,8,31,21
156.0,8,31,22
180.0,8,31,23
