-99.0,6,3624,0.0
-99.0,6,3625,1.0
-99.0,6,3626,2.0
-99.0,6,3627,3.0
-99.0,6,3628,4.0
-99.0,6,3629,5.0
-99.0,6,3630,6.0
-99.0,6,3631,7.0
-99.0,6,3632,8.0
-99.0,6,3633,9.0
-99.0,6,3634,10.0
-99.0,6,3635,11.0
-99.0,6,3636,12.0
-99.0,6,3637,13.0
-99.0,6,3638,14.0
-99.0,6,3639,15.0
-99.0,6,3640,16.0
-99.0,6,3641,17.0
-99.0,6,3642,18.0
-99.0,6,3643,19.0
-99.0,6,3644,20.0
-99.0,6,3645,21.0
-99.0,6,3646,22.0
-99.0,6,3647,23.0
80.0,6,3648,0.0
80.0,6,3649,1.0
83.0,6,3650,2.0
88.0,6,3651,3.0
90.0,6,3652,4.0
93.0,6,3653,5.0
93.0,6,3654,6.0
91.0,6,3655,7.0
85.0,6,3656,8.0
77.0,6,3657,9.0
68.0,6,3658,10.0
59.0,6,3659,11.0
49.0,6,3660,12.0
44.0,6,3661,13.0
41.0,6,3662,14.0
40.0,6,3663,15.0
39.0,6,3664,16.0
44.0,6,3665,17.0
82.0,6,3666,18.0
76.0,6,3667,19.0
77.0,6,3668,20.0
79.0,6,3669,21.0
77.0,6,3670,22.0
81.0,6,3671,23.0
81.0,6,3672,0.0
85.0,6,3673,1.0
89.0,6,3674,2.0
88.0,6,3675,3.0
89.0,6,3676,4.0
90.0,6,3677,5.0
90.0,6,3678,6.0
88.0,6,3679,7.0
86.0,6,3680,8.0
81.0,6,3681,9.0
73.0,6,3682,10.0
63.0,6,3683,11.0
45.0,6,3684,12.0
43.0,6,3685,13.0
38.0,6,3686,14.0
33.0,6,3687,15.0
32.0,6,3688,16.0
33.0,6,3689,17.0
38.0,6,3690,18.0
46.0,6,3691,19.0
61.0,6,3692,20.0
63.0,6,3693,21.0
69.0,6,3694,22.0
74.0,6,3695,23.0
75.0,6,3696,0.0
80.0,6,3697,1.0
80.0,6,3698,2.0
80.0,6,3699,3.0
82.0,6,3700,4.0
82.0,6,3701,5.0
82.0,6,3702,6.0
84.0,6,3703,7.0
78.0,6,3704,8.0
69.0,6,3705,9.0
61.0,6,3706,10.0
40.0,6,3707,11.0
34.0,6,3708,12.0
31.0,6,3709,13.0
30.0,6,3710,14.0
30.0,6,3711,15.0
33.0,6,3712,16.0
40.0,6,3713,17.0
52.0,6,3714,18.0
57.0,6,3715,19.0
64.0,6,3716,20.0
68.0,6,3717,21.0
69.0,6,3718,22.0
71.0,6,3719,23.0
74.0,6,3720,0.0
75.0,6,3721,1.0
78.0,6,3722,2.0
82.0,6,3723,3.0
86.0,6,3724,4.0
85.0,6,3725,5.0
86.0,6,3726,6.0
86.0,6,3727,7.0
80.0,6,3728,8.0
74.0,6,3729,9.0
67.0,6,3730,10.0
58.0,6,3731,11.0
51.0,6,3732,12.0
49.0,6,3733,13.0
50.0,6,3734,14.0
54.0,6,3735,15.0
58.0,6,3736,16.0
56.0,6,3737,17.0
73.0,6,3738,18.0
76.0,6,3739,19.0
78.0,6,3740,20.0
79.0,6,3741,21.0
82.0,6,3742,22.0
84.0,6,3743,23.0
84.0,6,3744,0.0
84.0,6,3745,1.0
85.0,6,3746,2.0
86.0,6,3747,3.0
88.0,6,3748,4.0
89.0,6,3749,5.0
89.0,6,3750,6.0
87.0,6,3751,7.0
82.0,6,3752,8.0
76.0,6,3753,9.0
68.0,6,3754,10.0
60.0,6,3755,11.0
53.0,6,3756,12.0
49.0,6,3757,13.0
49.0,6,3758,14.0
63.0,6,3759,15.0
73.0,6,3760,16.0
-99.0,6,3761,17.0
-99.0,6,3762,18.0
-99.0,6,3763,19.0
100.0,6,3764,20.0
100.0,6,3765,21.0
95.0,6,3766,22.0
96.0,6,3767,23.0
96.0,6,3768,0.0
98.0,6,3769,1.0
99.0,6,3770,2.0
96.0,6,3771,3.0
96.0,6,3772,4.0
95.0,6,3773,5.0
94.0,6,3774,6.0
93.0,6,3775,7.0
87.0,6,3776,8.0
77.0,6,3777,9.0
71.0,6,3778,10.0
66.0,6,3779,11.0
58.0,6,3780,12.0
48.0,6,3781,13.0
42.0,6,3782,14.0
40.0,6,3783,15.0
37.0,6,3784,16.0
39.0,6,3785,17.0
40.0,6,3786,18.0
53.0,6,3787,19.0
61.0,6,3788,20.0
68.0,6,3789,21.0
72.0,6,3790,22.0
78.0,6,3791,23.0
79.0,6,3792,0.0
82.0,6,3793,1.0
82.0,6,3794,2.0
89.0,6,3795,3.0
90.0,6,3796,4.0
85.0,6,3797,5.0
83.0,6,3798,6.0
84.0,6,3799,7.0
79.0,6,3800,8.0
74.0,6,3801,9.0
60.0,6,3802,10.0
37.0,6,3803,11.0
28.0,6,3804,12.0
29.0,6,3805,13.0
28.0,6,3806,14.0
21.0,6,3807,15.0
20.0,6,3808,16.0
26.0,6,3809,17.0
36.0,6,3810,18.0
51.0,6,3811,19.0
59.0,6,3812,20.0
64.0,6,3813,21.0
68.0,6,3814,22.0
71.0,6,3815,23.0
74.0,6,3816,0.0
77.0,6,3817,1.0
79.0,6,3818,2.0
84.0,6,3819,3.0
87.0,6,3820,4.0
90.0,6,3821,5.0
90.0,6,3822,6.0
86.0,6,3823,7.0
78.0,6,3824,8.0
67.0,6,3825,9.0
52.0,6,3826,10.0
38.0,6,3827,11.0
33.0,6,3828,12.0
30.0,6,3829,13.0
31.0,6,3830,14.0
32.0,6,3831,15.0
31.0,6,3832,16.0
32.0,6,3833,17.0
40.0,6,3834,18.0
50.0,6,3835,19.0
61.0,6,3836,20.0
70.0,6,3837,21.0
72.0,6,3838,22.0
76.0,6,3839,23.0
83.0,6,3840,0.0
86.0,6,3841,1.0
88.0,6,3842,2.0
89.0,6,3843,3.0
91.0,6,3844,4.0
94.0,6,3845,5.0
95.0,6,3846,6.0
93.0,6,3847,7.0
91.0,6,3848,8.0
79.0,6,3849,9.0
63.0,6,3850,10.0
47.0,6,3851,11.0
33.0,6,3852,12.0
37.0,6,3853,13.0
33.0,6,3854,14.0
32.0,6,3855,15.0
29.0,6,3856,16.0
29.0,6,3857,17.0
31.0,6,3858,18.0
50.0,6,3859,19.0
65.0,6,3860,20.0
71.0,6,3861,21.0
75.0,6,3862,22.0
77.0,6,3863,23.0
80.0,6,3864,0.0
80.0,6,3865,1.0
81.0,6,3866,2.0
84.0,6,3867,3.0
87.0,6,3868,4.0
89.0,6,3869,5.0
89.0,6,3870,6.0
86.0,6,3871,7.0
78.0,6,3872,8.0
68.0,6,3873,9.0
60.0,6,3874,10.0
50.0,6,3875,11.0
40.0,6,3876,12.0
37.0,6,3877,13.0
35.0,6,3878,14.0
32.0,6,3879,15.0
32.0,6,3880,16.0
34.0,6,3881,17.0
39.0,6,3882,18.0
57.0,6,3883,19.0
62.0,6,3884,20.0
64.0,6,3885,21.0
67.0,6,3886,22.0
72.0,6,3887,23.0
75.0,6,3888,0.0
76.0,6,3889,1.0
77.0,6,3890,2.0
83.0,6,3891,3.0
85.0,6,3892,4.0
87.0,6,3893,5.0
85.0,6,3894,6.0
83.0,6,3895,7.0
78.0,6,3896,8.0
68.0,6,3897,9.0
60.0,6,3898,10.0
50.0,6,3899,11.0
39.0,6,3900,12.0
37.0,6,3901,13.0
36.0,6,3902,14.0
49.0,6,3903,15.0
79.0,6,3904,16.0
74.0,6,3905,17.0
75.0,6,3906,18.0
92.0,6,3907,19.0
85.0,6,3908,20.0
91.0,6,3909,21.0
92.0,6,3910,22.0
92.0,6,3911,23.0
94.0,6,3912,0.0
95.0,6,3913,1.0
94.0,6,3914,2.0
95.0,6,3915,3.0
96.0,6,3916,4.0
96.0,6,3917,5.0
95.0,6,3918,6.0
92.0,6,3919,7.0
85.0,6,3920,8.0
82.0,6,3921,9.0
75.0,6,3922,10.0
62.0,6,3923,11.0
52.0,6,3924,12.0
47.0,6,3925,13.0
42.0,6,3926,14.0
43.0,6,3927,15.0
67.0,6,3928,16.0
74.0,6,3929,17.0
70.0,6,3930,18.0
73.0,6,3931,19.0
80.0,6,3932,20.0
83.0,6,3933,21.0
83.0,6,3934,22.0
84.0,6,3935,23.0
85.0,6,3936,0.0
86.0,6,3937,1.0
81.0,6,3938,2.0
80.0,6,3939,3.0
81.0,6,3940,4.0
89.0,6,3941,5.0
87.0,6,3942,6.0
83.0,6,3943,7.0
76.0,6,3944,8.0
69.0,6,3945,9.0
65.0,6,3946,10.0
57.0,6,3947,11.0
56.0,6,3948,12.0
53.0,6,3949,13.0
53.0,6,3950,14.0
51.0,6,3951,15.0
55.0,6,3952,16.0
73.0,6,3953,17.0
73.0,6,3954,18.0
76.0,6,3955,19.0
84.0,6,3956,20.0
94.0,6,3957,21.0
88.0,6,3958,22.0
82.0,6,3959,23.0
-99.0,6,3960,0.0
-99.0,6,3961,1.0
-99.0,6,3962,2.0
-99.0,6,3963,3.0
-99.0,6,3964,4.0
-99.0,6,3965,5.0
-99.0,6,3966,6.0
-99.0,6,3967,7.0
-99.0,6,3968,8.0
-99.0,6,3969,9.0
-99.0,6,3970,10.0
-99.0,6,3971,11.0
-99.0,6,3972,12.0
-99.0,6,3973,13.0
-99.0,6,3974,14.0
-99.0,6,3975,15.0
-99.0,6,3976,16.0
-99.0,6,3977,17.0
-99.0,6,3978,18.0
-99.0,6,3979,19.0
-99.0,6,3980,20.0
-99.0,6,3981,21.0
-99.0,6,3982,22.0
-99.0,6,3983,23.0
-99.0,6,3984,0.0
-99.0,6,3985,1.0
-99.0,6,3986,2.0
-99.0,6,3987,3.0
-99.0,6,3988,4.0
-99.0,6,3989,5.0
-99.0,6,3990,6.0
-99.0,6,3991,7.0
-99.0,6,3992,8.0
-99.0,6,3993,9.0
-99.0,6,3994,10.0
-99.0,6,3995,11.0
-99.0,6,3996,12.0
-99.0,6,3997,13.0
-99.0,6,3998,14.0
-99.0,6,3999,15.0
-99.0,6,4000,16.0
-99.0,6,4001,17.0
-99.0,6,4002,18.0
-99.0,6,4003,19.0
-99.0,6,4004,20.0
-99.0,6,4005,21.0
-99.0,6,4006,22.0
-99.0,6,4007,23.0
-99.0,6,4008,0.0
-99.0,6,4009,1.0
-99.0,6,4010,2.0
-99.0,6,4011,3.0
-99.0,6,4012,4.0
-99.0,6,4013,5.0
-99.0,6,4014,6.0
-99.0,6,4015,7.0
-99.0,6,4016,8.0
-99.0,6,4017,9.0
-99.0,6,4018,10.0
-99.0,6,4019,11.0
-99.0,6,4020,12.0
-99.0,6,4021,13.0
-99.0,6,4022,14.0
-99.0,6,4023,15.0
-99.0,6,4024,16.0
-99.0,6,4025,17.0
-99.0,6,4026,18.0
-99.0,6,4027,19.0
-99.0,6,4028,20.0
-99.0,6,4029,21.0
-99.0,6,4030,22.0
-99.0,6,4031,23.0
-99.0,6,4032,0.0
-99.0,6,4033,1.0
-99.0,6,4034,2.0
-99.0,6,4035,3.0
-99.0,6,4036,4.0
-99.0,6,4037,5.0
-99.0,6,4038,6.0
-99.0,6,4039,7.0
-99.0,6,4040,8.0
-99.0,6,4041,9.0
-99.0,6,4042,10.0
-99.0,6,4043,11.0
-99.0,6,4044,12.0
-99.0,6,4045,13.0
-99.0,6,4046,14.0
-99.0,6,4047,15.0
-99.0,6,4048,16.0
-99.0,6,4049,17.0
-99.0,6,4050,18.0
-99.0,6,4051,19.0
-99.0,6,4052,20.0
-99.0,6,4053,21.0
-99.0,6,4054,22.0
-99.0,6,4055,23.0
-99.0,6,4056,0.0
-99.0,6,4057,1.0
-99.0,6,4058,2.0
-99.0,6,4059,3.0
-99.0,6,4060,4.0
-99.0,6,4061,5.0
-99.0,6,4062,6.0
-99.0,6,4063,7.0
-99.0,6,4064,8.0
-99.0,6,4065,9.0
-99.0,6,4066,10.0
-99.0,6,4067,11.0
-99.0,6,4068,12.0
-99.0,6,4069,13.0
-99.0,6,4070,14.0
-99.0,6,4071,15.0
-99.0,6,4072,16.0
-99.0,6,4073,17.0
-99.0,6,4074,18.0
-99.0,6,4075,19.0
-99.0,6,4076,20.0
-99.0,6,4077,21.0
-99.0,6,4078,22.0
-99.0,6,4079,23.0
-99.0,6,4080,0.0
-99.0,6,4081,1.0
-99.0,6,4082,2.0
-99.0,6,4083,3.0
-99.0,6,4084,4.0
-99.0,6,4085,5.0
-99.0,6,4086,6.0
-99.0,6,4087,7.0
-99.0,6,4088,8.0
-99.0,6,4089,9.0
-99.0,6,4090,10.0
-99.0,6,4091,11.0
-99.0,6,4092,12.0
-99.0,6,4093,13.0
-99.0,6,4094,14.0
-99.0,6,4095,15.0
-99.0,6,4096,16.0
-99.0,6,4097,17.0
-99.0,6,4098,18.0
-99.0,6,4099,19.0
-99.0,6,4100,20.0
-99.0,6,4101,21.0
-99.0,6,4102,22.0
-99.0,6,4103,23.0
-99.0,6,4104,0.0
-99.0,6,4105,1.0
-99.0,6,4106,2.0
-99.0,6,4107,3.0
-99.0,6,4108,4.0
-99.0,6,4109,5.0
-99.0,6,4110,6.0
-99.0,6,4111,7.0
-99.0,6,4112,8.0
-99.0,6,4113,9.0
-99.0,6,4114,10.0
-99.0,6,4115,11.0
-99.0,6,4116,12.0
-99.0,6,4117,13.0
-99.0,6,4118,14.0
-99.0,6,4119,15.0
-99.0,6,4120,16.0
-99.0,6,4121,17.0
-99.0,6,4122,18.0
-99.0,6,4123,19.0
-99.0,6,4124,20.0
-99.0,6,4125,21.0
-99.0,6,4126,22.0
-99.0,6,4127,23.0
-99.0,6,4128,0.0
-99.0,6,4129,1.0
-99.0,6,4130,2.0
-99.0,6,4131,3.0
-99.0,6,4132,4.0
-99.0,6,4133,5.0
-99.0,6,4134,6.0
-99.0,6,4135,7.0
-99.0,6,4136,8.0
-99.0,6,4137,9.0
-99.0,6,4138,10.0
-99.0,6,4139,11.0
-99.0,6,4140,12.0
-99.0,6,4141,13.0
-99.0,6,4142,14.0
-99.0,6,4143,15.0
-99.0,6,4144,16.0
-99.0,6,4145,17.0
-99.0,6,4146,18.0
-99.0,6,4147,19.0
-99.0,6,4148,20.0
-99.0,6,4149,21.0
-99.0,6,4150,22.0
-99.0,6,4151,23.0
-99.0,6,4152,0.0
-99.0,6,4153,1.0
-99.0,6,4154,2.0
-99.0,6,4155,3.0
-99.0,6,4156,4.0
-99.0,6,4157,5.0
-99.0,6,4158,6.0
-99.0,6,4159,7.0
-99.0,6,4160,8.0
-99.0,6,4161,9.0
-99.0,6,4162,10.0
-99.0,6,4163,11.0
-99.0,6,4164,12.0
-99.0,6,4165,13.0
-99.0,6,4166,14.0
-99.0,6,4167,15.0
-99.0,6,4168,16.0
-99.0,6,4169,17.0
-99.0,6,4170,18.0
-99.0,6,4171,19.0
-99.0,6,4172,20.0
-99.0,6,4173,21.0
-99.0,6,4174,22.0
-99.0,6,4175,23.0
-99.0,6,4176,0.0
-99.0,6,4177,1.0
-99.0,6,4178,2.0
-99.0,6,4179,3.0
-99.0,6,4180,4.0
-99.0,6,4181,5.0
-99.0,6,4182,6.0
-99.0,6,4183,7.0
-99.0,6,4184,8.0
-99.0,6,4185,9.0
-99.0,6,4186,10.0
-99.0,6,4187,11.0
-99.0,6,4188,12.0
-99.0,6,4189,13.0
-99.0,6,4190,14.0
-99.0,6,4191,15.0
-99.0,6,4192,16.0
-99.0,6,4193,17.0
-99.0,6,4194,18.0
-99.0,6,4195,19.0
-99.0,6,4196,20.0
-99.0,6,4197,21.0
-99.0,6,4198,22.0
-99.0,6,4199,23.0
-99.0,6,4200,0.0
-99.0,6,4201,1.0
-99.0,6,4202,2.0
-99.0,6,4203,3.0
-99.0,6,4204,4.0
-99.0,6,4205,5.0
-99.0,6,4206,6.0
-99.0,6,4207,7.0
-99.0,6,4208,8.0
-99.0,6,4209,9.0
-99.0,6,4210,10.0
-99.0,6,4211,11.0
-99.0,6,4212,12.0
-99.0,6,4213,13.0
-99.0,6,4214,14.0
-99.0,6,4215,15.0
-99.0,6,4216,16.0
-99.0,6,4217,17.0
-99.0,6,4218,18.0
-99.0,6,4219,19.0
-99.0,6,4220,20.0
-99.0,6,4221,21.0
-99.0,6,4222,22.0
-99.0,6,4223,23.0
-99.0,6,4224,0.0
-99.0,6,4225,1.0
-99.0,6,4226,2.0
-99.0,6,4227,3.0
-99.0,6,4228,4.0
-99.0,6,4229,5.0
-99.0,6,4230,6.0
-99.0,6,4231,7.0
-99.0,6,4232,8.0
-99.0,6,4233,9.0
-99.0,6,4234,10.0
-99.0,6,4235,11.0
-99.0,6,4236,12.0
-99.0,6,4237,13.0
-99.0,6,4238,14.0
-99.0,6,4239,15.0
-99.0,6,4240,16.0
-99.0,6,4241,17.0
-99.0,6,4242,18.0
-99.0,6,4243,19.0
-99.0,6,4244,20.0
-99.0,6,4245,21.0
-99.0,6,4246,22.0
-99.0,6,4247,23.0
-99.0,6,4248,0.0
-99.0,6,4249,1.0
-99.0,6,4250,2.0
-99.0,6,4251,3.0
-99.0,6,4252,4.0
-99.0,6,4253,5.0
-99.0,6,4254,6.0
-99.0,6,4255,7.0
-99.0,6,4256,8.0
-99.0,6,4257,9.0
-99.0,6,4258,10.0
-99.0,6,4259,11.0
-99.0,6,4260,12.0
-99.0,6,4261,13.0
-99.0,6,4262,14.0
-99.0,6,4263,15.0
-99.0,6,4264,16.0
-99.0,6,4265,17.0
-99.0,6,4266,18.0
-99.0,6,4267,19.0
-99.0,6,4268,20.0
-99.0,6,4269,21.0
-99.0,6,4270,22.0
-99.0,6,4271,23.0
-99.0,6,4272,0.0
-99.0,6,4273,1.0
-99.0,6,4274,2.0
-99.0,6,4275,3.0
-99.0,6,4276,4.0
-99.0,6,4277,5.0
-99.0,6,4278,6.0
-99.0,6,4279,7.0
-99.0,6,4280,8.0
-99.0,6,4281,9.0
-99.0,6,4282,10.0
-99.0,6,4283,11.0
-99.0,6,4284,12.0
-99.0,6,4285,13.0
-99.0,6,4286,14.0
-99.0,6,4287,15.0
-99.0,6,4288,16.0
-99.0,6,4289,17.0
-99.0,6,4290,18.0
-99.0,6,4291,19.0
-99.0,6,4292,20.0
-99.0,6,4293,21.0
-99.0,6,4294,22.0
-99.0,6,4295,23.0
-99.0,6,4296,0.0
-99.0,6,4297,1.0
-99.0,6,4298,2.0
-99.0,6,4299,3.0
-99.0,6,4300,4.0
-99.0,6,4301,5.0
-99.0,6,4302,6.0
-99.0,6,4303,7.0
-99.0,6,4304,8.0
-99.0,6,4305,9.0
-99.0,6,4306,10.0
-99.0,6,4307,11.0
-99.0,6,4308,12.0
-99.0,6,4309,13.0
-99.0,6,4310,14.0
-99.0,6,4311,15.0
-99.0,6,4312,16.0
-99.0,6,4313,17.0
-99.0,6,4314,18.0
-99.0,6,4315,19.0
-99.0,6,4316,20.0
-99.0,6,4317,21.0
-99.0,6,4318,22.0
-99.0,6,4319,23.0
-99.0,6,4320,0.0
-99.0,6,4321,1.0
-99.0,6,4322,2.0
-99.0,6,4323,3.0
-99.0,6,4324,4.0
-99.0,6,4325,5.0
-99.0,6,4326,6.0
-99.0,6,4327,7.0
-99.0,6,4328,8.0
-99.0,6,4329,9.0
-99.0,6,4330,10.0
-99.0,6,4331,11.0
-99.0,6,4332,12.0
-99.0,6,4333,13.0
-99.0,6,4334,14.0
-99.0,6,4335,15.0
-99.0,6,4336,16.0
-99.0,6,4337,17.0
-99.0,6,4338,18.0
-99.0,6,4339,19.0
-99.0,6,4340,20.0
-99.0,6,4341,21.0
-99.0,6,4342,22.0
-99.0,6,4343,23.0
