40.0,10,1,0
48.0,10,1,1
64.0,10,1,2
70.0,10,1,3
86.0,10,1,4
84.0,10,1,5
74.0,10,1,6
55.0,10,1,7
85.0,10,1,8
85.0,10,1,9
66.0,10,1,10
57.0,10,1,11
60.0,10,1,12
66.0,10,1,13
71.0,10,1,14
66.0,10,1,15
51.0,10,1,16
49.0,10,1,17
62.0,10,1,18
67.0,10,1,19
29.0,10,1,20
48.0,10,1,21
61.0,10,1,22
62.0,10,1,23
42.0,10,2,0
50.0,10,2,1
52.0,10,2,2
61.0,10,2,3
70.0,10,2,4
69.0,10,2,5
71.0,10,2,6
79.0,10,2,7
97.0,10,2,8
87.0,10,2,9
84.0,10,2,10
124.0,10,2,11
88.0,10,2,12
64.0,10,2,13
68.0,10,2,14
64.0,10,2,15
69.0,10,2,16
49.0,10,2,17
55.0,10,2,18
56.0,10,2,19
64.0,10,2,20
49.0,10,2,21
46.0,10,2,22
41.0,10,2,23
27.0,10,3,0
53.0,10,3,1
58.0,10,3,2
67.0,10,3,3
138.0,10,3,4
216.0,10,3,5
144.0,10,3,6
180.0,10,3,7
178.0,10,3,8
157.0,10,3,9
109.0,10,3,10
194.0,10,3,11
195.0,10,3,12
199.0,10,3,13
170.0,10,3,14
79.0,10,3,15
15.0,10,3,16
20.0,10,3,17
327.0,10,3,18
50.0,10,3,19
326.0,10,3,20
340.0,10,3,21
12.0,10,3,22
320.0,10,3,23
4.0,10,4,0
160.0,10,4,1
163.0,10,4,2
190.0,10,4,3
195.0,10,4,4
145.0,10,4,5
191.0,10,4,6
181.0,10,4,7
208.0,10,4,8
198.0,10,4,9
204.0,10,4,10
122.0,10,4,11
183.0,10,4,12
177.0,10,4,13
184.0,10,4,14
333.0,10,4,15
341.0,10,4,16
320.0,10,4,17
215.0,10,4,18
222.0,10,4,19
232.0,10,4,20
202.0,10,4,21
279.0,10,4,22
276.0,10,4,23
286.0,10,5,0
266.0,10,5,1
253.0,10,5,2
157.0,10,5,3
151.0,10,5,4
184.0,10,5,5
188.0,10,5,6
185.0,10,5,7
175.0,10,5,8
179.0,10,5,9
165.0,10,5,10
166.0,10,5,11
164.0,10,5,12
142.0,10,5,13
151.0,10,5,14
300.0,10,5,15
319.0,10,5,16
304.0,10,5,17
326.0,10,5,18
12.0,10,5,19
327.0,10,5,20
330.0,10,5,21
317.0,10,5,22
299.0,10,5,23
304.0,10,6,0
23.0,10,6,1
17.0,10,6,2
88.0,10,6,3
176.0,10,6,4
56.0,10,6,5
64.0,10,6,6
85.0,10,6,7
67.0,10,6,8
48.0,10,6,9
50.0,10,6,10
28.0,10,6,11
91.0,10,6,12
78.0,10,6,13
70.0,10,6,14
69.0,10,6,15
61.0,10,6,16
45.0,10,6,17
48.0,10,6,18
36.0,10,6,19
26.0,10,6,20
63.0,10,6,21
30.0,10,6,22
54.0,10,6,23
50.0,10,7,0
61.0,10,7,1
49.0,10,7,2
87.0,10,7,3
98.0,10,7,4
129.0,10,7,5
111.0,10,7,6
102.0,10,7,7
144.0,10,7,8
208.0,10,7,9
203.0,10,7,10
197.0,10,7,11
188.0,10,7,12
188.0,10,7,13
179.0,10,7,14
76.0,10,7,15
7.0,10,7,16
324.0,10,7,17
345.0,10,7,18
47.0,10,7,19
37.0,10,7,20
58.0,10,7,21
42.0,10,7,22
333.0,10,7,23
63.0,10,8,0
126.0,10,8,1
72.0,10,8,2
86.0,10,8,3
267.0,10,8,4
46.0,10,8,5
108.0,10,8,6
327.0,10,8,7
192.0,10,8,8
182.0,10,8,9
295.0,10,8,10
148.0,10,8,11
120.0,10,8,12
149.0,10,8,13
312.0,10,8,14
162.0,10,8,15
111.0,10,8,16
267.0,10,8,17
253.0,10,8,18
274.0,10,8,19
303.0,10,8,20
224.0,10,8,21
150.0,10,8,22
169.0,10,8,23
186.0,10,9,0
71.0,10,9,1
49.0,10,9,2
116.0,10,9,3
133.0,10,9,4
139.0,10,9,5
178.0,10,9,6
336.0,10,9,7
180.0,10,9,8
219.0,10,9,9
78.0,10,9,10
192.0,10,9,11
189.0,10,9,12
184.0,10,9,13
213.0,10,9,14
61.0,10,9,15
40.0,10,9,16
12.0,10,9,17
353.0,10,9,18
4.0,10,9,19
23.0,10,9,20
11.0,10,9,21
33.0,10,9,22
35.0,10,9,23
12.0,10,10,0
36.0,10,10,1
48.0,10,10,2
66.0,10,10,3
71.0,10,10,4
66.0,10,10,5
65.0,10,10,6
70.0,10,10,7
54.0,10,10,8
53.0,10,10,9
66.0,10,10,10
60.0,10,10,11
73.0,10,10,12
75.0,10,10,13
66.0,10,10,14
67.0,10,10,15
68.0,10,10,16
42.0,10,10,17
46.0,10,10,18
54.0,10,10,19
47.0,10,10,20
33.0,10,10,21
25.0,10,10,22
27.0,10,10,23
39.0,10,11,0
44.0,10,11,1
54.0,10,11,2
77.0,10,11,3
72.0,10,11,4
59.0,10,11,5
63.0,10,11,6
65.0,10,11,7
48.0,10,11,8
82.0,10,11,9
89.0,10,11,10
132.0,10,11,11
99.0,10,11,12
89.0,10,11,13
91.0,10,11,14
71.0,10,11,15
77.0,10,11,16
37.0,10,11,17
13.0,10,11,18
35.0,10,11,19
15.0,10,11,20
359.0,10,11,21
350.0,10,11,22
352.0,10,11,23
11.0,10,12,0
20.0,10,12,1
53.0,10,12,2
172.0,10,12,3
188.0,10,12,4
176.0,10,12,5
166.0,10,12,6
172.0,10,12,7
175.0,10,12,8
181.0,10,12,9
182.0,10,12,10
181.0,10,12,11
167.0,10,12,12
180.0,10,12,13
157.0,10,12,14
294.0,10,12,15
286.0,10,12,16
306.0,10,12,17
320.0,10,12,18
320.0,10,12,19
327.0,10,12,20
300.0,10,12,21
336.0,10,12,22
17.0,10,12,23
9.0,10,13,0
28.0,10,13,1
60.0,10,13,2
178.0,10,13,3
189.0,10,13,4
176.0,10,13,5
175.0,10,13,6
175.0,10,13,7
185.0,10,13,8
171.0,10,13,9
175.0,10,13,10
180.0,10,13,11
170.0,10,13,12
173.0,10,13,13
200.0,10,13,14
61.0,10,13,15
58.0,10,13,16
21.0,10,13,17
9.0,10,13,18
31.0,10,13,19
11.0,10,13,20
36.0,10,13,21
14.0,10,13,22
14.0,10,13,23
11.0,10,14,0
10.0,10,14,1
50.0,10,14,2
67.0,10,14,3
213.0,10,14,4
129.0,10,14,5
83.0,10,14,6
54.0,10,14,7
67.0,10,14,8
66.0,10,14,9
101.0,10,14,10
104.0,10,14,11
90.0,10,14,12
61.0,10,14,13
6.0,10,14,14
75.0,10,14,15
25.0,10,14,16
8.0,10,14,17
52.0,10,14,18
31.0,10,14,19
20.0,10,14,20
40.0,10,14,21
27.0,10,14,22
45.0,10,14,23
64.0,10,15,0
61.0,10,15,1
68.0,10,15,2
66.0,10,15,3
55.0,10,15,4
65.0,10,15,5
58.0,10,15,6
61.0,10,15,7
61.0,10,15,8
59.0,10,15,9
66.0,10,15,10
65.0,10,15,11
66.0,10,15,12
72.0,10,15,13
73.0,10,15,14
58.0,10,15,15
51.0,10,15,16
59.0,10,15,17
64.0,10,15,18
18.0,10,15,19
20.0,10,15,20
29.0,10,15,21
36.0,10,15,22
15.0,10,15,23
43.0,10,16,0
45.0,10,16,1
55.0,10,16,2
61.0,10,16,3
68.0,10,16,4
75.0,10,16,5
69.0,10,16,6
70.0,10,16,7
86.0,10,16,8
108.0,10,16,9
63.0,10,16,10
67.0,10,16,11
60.0,10,16,12
58.0,10,16,13
50.0,10,16,14
69.0,10,16,15
56.0,10,16,16
48.0,10,16,17
57.0,10,16,18
51.0,10,16,19
29.0,10,16,20
34.0,10,16,21
58.0,10,16,22
55.0,10,16,23
49.0,10,17,0
56.0,10,17,1
69.0,10,17,2
61.0,10,17,3
63.0,10,17,4
74.0,10,17,5
57.0,10,17,6
57.0,10,17,7
67.0,10,17,8
62.0,10,17,9
54.0,10,17,10
63.0,10,17,11
37.0,10,17,12
66.0,10,17,13
59.0,10,17,14
62.0,10,17,15
42.0,10,17,16
27.0,10,17,17
35.0,10,17,18
36.0,10,17,19
57.0,10,17,20
47.0,10,17,21
58.0,10,17,22
56.0,10,17,23
41.0,10,18,0
51.0,10,18,1
48.0,10,18,2
50.0,10,18,3
56.0,10,18,4
44.0,10,18,5
45.0,10,18,6
51.0,10,18,7
63.0,10,18,8
71.0,10,18,9
58.0,10,18,10
49.0,10,18,11
52.0,10,18,12
53.0,10,18,13
51.0,10,18,14
48.0,10,18,15
51.0,10,18,16
49.0,10,18,17
18.0,10,18,18
23.0,10,18,19
48.0,10,18,20
55.0,10,18,21
56.0,10,18,22
47.0,10,18,23
14.0,10,19,0
43.0,10,19,1
33.0,10,19,2
31.0,10,19,3
50.0,10,19,4
45.0,10,19,5
55.0,10,19,6
49.0,10,19,7
62.0,10,19,8
69.0,10,19,9
59.0,10,19,10
71.0,10,19,11
51.0,10,19,12
47.0,10,19,13
55.0,10,19,14
66.0,10,19,15
56.0,10,19,16
47.0,10,19,17
64.0,10,19,18
27.0,10,19,19
44.0,10,19,20
38.0,10,19,21
23.0,10,19,22
29.0,10,19,23
48.0,10,20,0
64.0,10,20,1
62.0,10,20,2
71.0,10,20,3
64.0,10,20,4
66.0,10,20,5
117.0,10,20,6
172.0,10,20,7
46.0,10,20,8
13.0,10,20,9
238.0,10,20,10
152.0,10,20,11
152.0,10,20,12
149.0,10,20,13
119.0,10,20,14
36.0,10,20,15
10.0,10,20,16
34.0,10,20,17
26.0,10,20,18
55.0,10,20,19
41.0,10,20,20
46.0,10,20,21
34.0,10,20,22
40.0,10,20,23
49.0,10,21,0
63.0,10,21,1
61.0,10,21,2
58.0,10,21,3
104.0,10,21,4
193.0,10,21,5
108.0,10,21,6
134.0,10,21,7
188.0,10,21,8
167.0,10,21,9
101.0,10,21,10
181.0,10,21,11
186.0,10,21,12
178.0,10,21,13
183.0,10,21,14
99.0,10,21,15
45.0,10,21,16
27.0,10,21,17
47.0,10,21,18
57.0,10,21,19
33.0,10,21,20
63.0,10,21,21
38.0,10,21,22
43.0,10,21,23
38.0,10,22,0
52.0,10,22,1
64.0,10,22,2
55.0,10,22,3
64.0,10,22,4
54.0,10,22,5
52.0,10,22,6
104.0,10,22,7
130.0,10,22,8
335.0,10,22,9
103.0,10,22,10
358.0,10,22,11
282.0,10,22,12
119.0,10,22,13
87.0,10,22,14
81.0,10,22,15
64.0,10,22,16
305.0,10,22,17
342.0,10,22,18
15.0,10,22,19
121.0,10,22,20
8.0,10,22,21
191.0,10,22,22
15.0,10,22,23
164.0,10,23,0
154.0,10,23,1
142.0,10,23,2
150.0,10,23,3
146.0,10,23,4
166.0,10,23,5
187.0,10,23,6
201.0,10,23,7
188.0,10,23,8
324.0,10,23,9
283.0,10,23,10
271.0,10,23,11
343.0,10,23,12
346.0,10,23,13
120.0,10,23,14
18.0,10,23,15
22.0,10,23,16
73.0,10,23,17
28.0,10,23,18
89.0,10,23,19
338.0,10,23,20
176.0,10,23,21
36.0,10,23,22
152.0,10,23,23
121.0,10,24,0
23.0,10,24,1
309.0,10,24,2
102.0,10,24,3
125.0,10,24,4
108.0,10,24,5
20.0,10,24,6
143.0,10,24,7
61.0,10,24,8
140.0,10,24,9
118.0,10,24,10
162.0,10,24,11
148.0,10,24,12
180.0,10,24,13
240.0,10,24,14
180.0,10,24,15
181.0,10,24,16
189.0,10,24,17
177.0,10,24,18
191.0,10,24,19
195.0,10,24,20
204.0,10,24,21
203.0,10,24,22
266.0,10,24,23
203.0,10,25,0
213.0,10,25,1
186.0,10,25,2
230.0,10,25,3
215.0,10,25,4
201.0,10,25,5
188.0,10,25,6
161.0,10,25,7
201.0,10,25,8
172.0,10,25,9
220.0,10,25,10
39.0,10,25,11
264.0,10,25,12
241.0,10,25,13
269.0,10,25,14
319.0,10,25,15
23.0,10,25,16
35.0,10,25,17
41.0,10,25,18
6.0,10,25,19
16.0,10,25,20
350.0,10,25,21
10.0,10,25,22
351.0,10,25,23
15.0,10,26,0
42.0,10,26,1
68.0,10,26,2
70.0,10,26,3
66.0,10,26,4
56.0,10,26,5
44.0,10,26,6
50.0,10,26,7
46.0,10,26,8
54.0,10,26,9
69.0,10,26,10
55.0,10,26,11
50.0,10,26,12
17.0,10,26,13
65.0,10,26,14
79.0,10,26,15
64.0,10,26,16
82.0,10,26,17
88.0,10,26,18
229.0,10,26,19
222.0,10,26,20
248.0,10,26,21
215.0,10,26,22
312.0,10,26,23
306.0,10,27,0
154.0,10,27,1
186.0,10,27,2
167.0,10,27,3
159.0,10,27,4
73.0,10,27,5
144.0,10,27,6
178.0,10,27,7
195.0,10,27,8
226.0,10,27,9
40.0,10,27,10
62.0,10,27,11
192.0,10,27,12
181.0,10,27,13
60.0,10,27,14
344.0,10,27,15
311.0,10,27,16
273.0,10,27,17
260.0,10,27,18
273.0,10,27,19
270.0,10,27,20
277.0,10,27,21
274.0,10,27,22
257.0,10,27,23
248.0,10,28,0
236.0,10,28,1
136.0,10,28,2
176.0,10,28,3
166.0,10,28,4
169.0,10,28,5
177.0,10,28,6
172.0,10,28,7
300.0,10,28,8
308.0,10,28,9
316.0,10,28,10
163.0,10,28,11
161.0,10,28,12
178.0,10,28,13
183.0,10,28,14
152.0,10,28,15
215.0,10,28,16
289.0,10,28,17
285.0,10,28,18
270.0,10,28,19
278.0,10,28,20
232.0,10,28,21
258.0,10,28,22
263.0,10,28,23
5.0,10,29,0
85.0,10,29,1
95.0,10,29,2
73.0,10,29,3
83.0,10,29,4
93.0,10,29,5
321.0,10,29,6
283.0,10,29,7
349.0,10,29,8
147.0,10,29,9
206.0,10,29,10
181.0,10,29,11
159.0,10,29,12
102.0,10,29,13
175.0,10,29,14
212.0,10,29,15
159.0,10,29,16
320.0,10,29,17
211.0,10,29,18
205.0,10,29,19
172.0,10,29,20
177.0,10,29,21
184.0,10,29,22
180.0,10,29,23
171.0,10,30,0
172.0,10,30,1
173.0,10,30,2
62.0,10,30,3
302.0,10,30,4
144.0,10,30,5
222.0,10,30,6
163.0,10,30,7
219.0,10,30,8
192.0,10,30,9
158.0,10,30,10
196.0,10,30,11
179.0,10,30,12
172.0,10,30,13
183.0,10,30,14
168.0,10,30,15
154.0,10,30,16
194.0,10,30,17
186.0,10,30,18
199.0,10,30,19
232.0,10,30,20
225.0,10,30,21
223.0,10,30,22
168.0,10,30,23
156.0,10,31,0
147.0,10,31,1
288.0,10,31,2
132.0,10,31,3
145.0,10,31,4
143.0,10,31,5
147.0,10,31,6
159.0,10,31,7
169.0,10,31,8
175.0,10,31,9
201.0,10,31,10
220.0,10,31,11
211.0,10,31,12
223.0,10,31,13
225.0,10,31,14
174.0,10,31,15
164.0,10,31,16
183.0,10,31,17
175.0,10,31,18
162.0,10,31,19
161.0,10,31,20
166.0,10,31,21
187.0,10,31,22
181.0,10,31,23
