116.0,11,1,0
193.0,11,1,1
240.0,11,1,2
199.0,11,1,3
153.0,11,1,4
133.0,11,1,5
174.0,11,1,6
337.0,11,1,7
6.0,11,1,8
78.0,11,1,9
187.0,11,1,10
152.0,11,1,11
254.0,11,1,12
265.0,11,1,13
143.0,11,1,14
255.0,11,1,15
334.0,11,1,16
100.0,11,1,17
105.0,11,1,18
28.0,11,1,19
355.0,11,1,20
314.0,11,1,21
337.0,11,1,22
299.0,11,1,23
177.0,11,2,0
122.0,11,2,1
297.0,11,2,2
320.0,11,2,3
240.0,11,2,4
239.0,11,2,5
78.0,11,2,6
293.0,11,2,7
287.0,11,2,8
271.0,11,2,9
315.0,11,2,10
304.0,11,2,11
275.0,11,2,12
267.0,11,2,13
300.0,11,2,14
282.0,11,2,15
299.0,11,2,16
288.0,11,2,17
283.0,11,2,18
311.0,11,2,19
294.0,11,2,20
326.0,11,2,21
312.0,11,2,22
314.0,11,2,23
269.0,11,3,0
220.0,11,3,1
253.0,11,3,2
37.0,11,3,3
24.0,11,3,4
157.0,11,3,5
126.0,11,3,6
115.0,11,3,7
47.0,11,3,8
103.0,11,3,9
97.0,11,3,10
112.0,11,3,11
72.0,11,3,12
111.0,11,3,13
98.0,11,3,14
176.0,11,3,15
172.0,11,3,16
276.0,11,3,17
283.0,11,3,18
312.0,11,3,19
350.0,11,3,20
289.0,11,3,21
303.0,11,3,22
339.0,11,3,23
320.0,11,4,0
161.0,11,4,1
176.0,11,4,2
242.0,11,4,3
243.0,11,4,4
44.0,11,4,5
89.0,11,4,6
128.0,11,4,7
67.0,11,4,8
88.0,11,4,9
98.0,11,4,10
127.0,11,4,11
153.0,11,4,12
67.0,11,4,13
13.0,11,4,14
298.0,11,4,15
262.0,11,4,16
308.0,11,4,17
311.0,11,4,18
278.0,11,4,19
303.0,11,4,20
277.0,11,4,21
265.0,11,4,22
297.0,11,4,23
277.0,11,5,0
241.0,11,5,1
138.0,11,5,2
140.0,11,5,3
142.0,11,5,4
114.0,11,5,5
100.0,11,5,6
116.0,11,5,7
130.0,11,5,8
126.0,11,5,9
105.0,11,5,10
113.0,11,5,11
103.0,11,5,12
115.0,11,5,13
127.0,11,5,14
157.0,11,5,15
295.0,11,5,16
298.0,11,5,17
313.0,11,5,18
272.0,11,5,19
217.0,11,5,20
294.0,11,5,21
297.0,11,5,22
298.0,11,5,23
300.0,11,6,0
160.0,11,6,1
216.0,11,6,2
148.0,11,6,3
144.0,11,6,4
199.0,11,6,5
140.0,11,6,6
266.0,11,6,7
102.0,11,6,8
73.0,11,6,9
112.0,11,6,10
53.0,11,6,11
125.0,11,6,12
152.0,11,6,13
131.0,11,6,14
118.0,11,6,15
271.0,11,6,16
217.0,11,6,17
307.0,11,6,18
185.0,11,6,19
191.0,11,6,20
182.0,11,6,21
289.0,11,6,22
321.0,11,6,23
334.0,11,7,0
155.0,11,7,1
209.0,11,7,2
56.0,11,7,3
237.0,11,7,4
268.0,11,7,5
270.0,11,7,6
276.0,11,7,7
172.0,11,7,8
285.0,11,7,9
264.0,11,7,10
61.0,11,7,11
136.0,11,7,12
121.0,11,7,13
69.0,11,7,14
91.0,11,7,15
206.0,11,7,16
329.0,11,7,17
297.0,11,7,18
237.0,11,7,19
195.0,11,7,20
224.0,11,7,21
132.0,11,7,22
41.0,11,7,23
176.0,11,8,0
170.0,11,8,1
194.0,11,8,2
150.0,11,8,3
28.0,11,8,4
250.0,11,8,5
171.0,11,8,6
349.0,11,8,7
114.0,11,8,8
36.0,11,8,9
86.0,11,8,10
6.0,11,8,11
14.0,11,8,12
250.0,11,8,13
98.0,11,8,14
124.0,11,8,15
141.0,11,8,16
86.0,11,8,17
266.0,11,8,18
161.0,11,8,19
171.0,11,8,20
177.0,11,8,21
147.0,11,8,22
163.0,11,8,23
170.0,11,9,0
162.0,11,9,1
141.0,11,9,2
258.0,11,9,3
67.0,11,9,4
119.0,11,9,5
125.0,11,9,6
148.0,11,9,7
100.0,11,9,8
159.0,11,9,9
74.0,11,9,10
101.0,11,9,11
124.0,11,9,12
112.0,11,9,13
146.0,11,9,14
288.0,11,9,15
267.0,11,9,16
319.0,11,9,17
305.0,11,9,18
296.0,11,9,19
200.0,11,9,20
133.0,11,9,21
356.0,11,9,22
264.0,11,9,23
138.0,11,10,0
136.0,11,10,1
165.0,11,10,2
162.0,11,10,3
140.0,11,10,4
112.0,11,10,5
21.0,11,10,6
136.0,11,10,7
122.0,11,10,8
192.0,11,10,9
69.0,11,10,10
86.0,11,10,11
109.0,11,10,12
100.0,11,10,13
155.0,11,10,14
292.0,11,10,15
297.0,11,10,16
353.0,11,10,17
292.0,11,10,18
290.0,11,10,19
285.0,11,10,20
299.0,11,10,21
257.0,11,10,22
278.0,11,10,23
295.0,11,11,0
277.0,11,11,1
276.0,11,11,2
154.0,11,11,3
150.0,11,11,4
112.0,11,11,5
124.0,11,11,6
103.0,11,11,7
158.0,11,11,8
113.0,11,11,9
130.0,11,11,10
336.0,11,11,11
107.0,11,11,12
120.0,11,11,13
208.0,11,11,14
321.0,11,11,15
278.0,11,11,16
300.0,11,11,17
288.0,11,11,18
261.0,11,11,19
240.0,11,11,20
214.0,11,11,21
323.0,11,11,22
337.0,11,11,23
242.0,11,12,0
309.0,11,12,1
327.0,11,12,2
152.0,11,12,3
154.0,11,12,4
147.0,11,12,5
107.0,11,12,6
94.0,11,12,7
122.0,11,12,8
120.0,11,12,9
97.0,11,12,10
115.0,11,12,11
122.0,11,12,12
122.0,11,12,13
108.0,11,12,14
290.0,11,12,15
316.0,11,12,16
288.0,11,12,17
286.0,11,12,18
280.0,11,12,19
280.0,11,12,20
266.0,11,12,21
277.0,11,12,22
211.0,11,12,23
211.0,11,13,0
105.0,11,13,1
78.0,11,13,2
26.0,11,13,3
133.0,11,13,4
156.0,11,13,5
118.0,11,13,6
70.0,11,13,7
153.0,11,13,8
145.0,11,13,9
104.0,11,13,10
76.0,11,13,11
59.0,11,13,12
125.0,11,13,13
241.0,11,13,14
248.0,11,13,15
255.0,11,13,16
284.0,11,13,17
288.0,11,13,18
230.0,11,13,19
195.0,11,13,20
210.0,11,13,21
223.0,11,13,22
192.0,11,13,23
158.0,11,14,0
305.0,11,14,1
47.0,11,14,2
335.0,11,14,3
338.0,11,14,4
256.0,11,14,5
265.0,11,14,6
268.0,11,14,7
213.0,11,14,8
132.0,11,14,9
169.0,11,14,10
327.0,11,14,11
178.0,11,14,12
156.0,11,14,13
162.0,11,14,14
292.0,11,14,15
303.0,11,14,16
185.0,11,14,17
162.0,11,14,18
145.0,11,14,19
167.0,11,14,20
163.0,11,14,21
234.0,11,14,22
214.0,11,14,23
174.0,11,15,0
120.0,11,15,1
80.0,11,15,2
109.0,11,15,3
168.0,11,15,4
133.0,11,15,5
149.0,11,15,6
98.0,11,15,7
135.0,11,15,8
120.0,11,15,9
84.0,11,15,10
49.0,11,15,11
78.0,11,15,12
79.0,11,15,13
60.0,11,15,14
101.0,11,15,15
138.0,11,15,16
243.0,11,15,17
261.0,11,15,18
279.0,11,15,19
283.0,11,15,20
267.0,11,15,21
223.0,11,15,22
142.0,11,15,23
137.0,11,16,0
111.0,11,16,1
141.0,11,16,2
147.0,11,16,3
144.0,11,16,4
127.0,11,16,5
73.0,11,16,6
83.0,11,16,7
127.0,11,16,8
132.0,11,16,9
108.0,11,16,10
121.0,11,16,11
114.0,11,16,12
93.0,11,16,13
148.0,11,16,14
307.0,11,16,15
275.0,11,16,16
276.0,11,16,17
283.0,11,16,18
261.0,11,16,19
15.0,11,16,20
55.0,11,16,21
82.0,11,16,22
326.0,11,16,23
222.0,11,17,0
199.0,11,17,1
242.0,11,17,2
125.0,11,17,3
68.0,11,17,4
51.0,11,17,5
74.0,11,17,6
78.0,11,17,7
110.0,11,17,8
92.0,11,17,9
75.0,11,17,10
77.0,11,17,11
102.0,11,17,12
91.0,11,17,13
300.0,11,17,14
221.0,11,17,15
245.0,11,17,16
147.0,11,17,17
250.0,11,17,18
2.0,11,17,19
349.0,11,17,20
78.0,11,17,21
79.0,11,17,22
67.0,11,17,23
92.0,11,18,0
183.0,11,18,1
129.0,11,18,2
38.0,11,18,3
86.0,11,18,4
120.0,11,18,5
83.0,11,18,6
106.0,11,18,7
141.0,11,18,8
236.0,11,18,9
125.0,11,18,10
102.0,11,18,11
276.0,11,18,12
103.0,11,18,13
141.0,11,18,14
236.0,11,18,15
278.0,11,18,16
321.0,11,18,17
307.0,11,18,18
315.0,11,18,19
325.0,11,18,20
359.0,11,18,21
157.0,11,18,22
329.0,11,18,23
309.0,11,19,0
279.0,11,19,1
271.0,11,19,2
275.0,11,19,3
107.0,11,19,4
1.0,11,19,5
138.0,11,19,6
30.0,11,19,7
160.0,11,19,8
58.0,11,19,9
98.0,11,19,10
47.0,11,19,11
344.0,11,19,12
310.0,11,19,13
302.0,11,19,14
285.0,11,19,15
306.0,11,19,16
249.0,11,19,17
290.0,11,19,18
324.0,11,19,19
140.0,11,19,20
162.0,11,19,21
159.0,11,19,22
81.0,11,19,23
112.0,11,20,0
81.0,11,20,1
116.0,11,20,2
73.0,11,20,3
94.0,11,20,4
105.0,11,20,5
136.0,11,20,6
130.0,11,20,7
118.0,11,20,8
124.0,11,20,9
102.0,11,20,10
92.0,11,20,11
123.0,11,20,12
127.0,11,20,13
33.0,11,20,14
243.0,11,20,15
340.0,11,20,16
277.0,11,20,17
296.0,11,20,18
304.0,11,20,19
304.0,11,20,20
186.0,11,20,21
327.0,11,20,22
300.0,11,20,23
273.0,11,21,0
317.0,11,21,1
273.0,11,21,2
217.0,11,21,3
139.0,11,21,4
255.0,11,21,5
44.0,11,21,6
116.0,11,21,7
95.0,11,21,8
86.0,11,21,9
71.0,11,21,10
65.0,11,21,11
101.0,11,21,12
72.0,11,21,13
92.0,11,21,14
314.0,11,21,15
293.0,11,21,16
266.0,11,21,17
191.0,11,21,18
139.0,11,21,19
109.0,11,21,20
139.0,11,21,21
166.0,11,21,22
178.0,11,21,23
178.0,11,22,0
186.0,11,22,1
198.0,11,22,2
163.0,11,22,3
171.0,11,22,4
278.0,11,22,5
309.0,11,22,6
233.0,11,22,7
314.0,11,22,8
24.0,11,22,9
169.0,11,22,10
189.0,11,22,11
172.0,11,22,12
194.0,11,22,13
156.0,11,22,14
186.0,11,22,15
182.0,11,22,16
183.0,11,22,17
152.0,11,22,18
226.0,11,22,19
294.0,11,22,20
285.0,11,22,21
271.0,11,22,22
288.0,11,22,23
279.0,11,23,0
150.0,11,23,1
241.0,11,23,2
317.0,11,23,3
258.0,11,23,4
143.0,11,23,5
131.0,11,23,6
354.0,11,23,7
108.0,11,23,8
108.0,11,23,9
184.0,11,23,10
278.0,11,23,11
268.0,11,23,12
251.0,11,23,13
238.0,11,23,14
301.0,11,23,15
294.0,11,23,16
274.0,11,23,17
302.0,11,23,18
313.0,11,23,19
302.0,11,23,20
315.0,11,23,21
310.0,11,23,22
302.0,11,23,23
309.0,11,24,0
264.0,11,24,1
322.0,11,24,2
265.0,11,24,3
250.0,11,24,4
210.0,11,24,5
150.0,11,24,6
247.0,11,24,7
236.0,11,24,8
292.0,11,24,9
172.0,11,24,10
226.0,11,24,11
240.0,11,24,12
47.0,11,24,13
110.0,11,24,14
90.0,11,24,15
123.0,11,24,16
310.0,11,24,17
332.0,11,24,18
357.0,11,24,19
330.0,11,24,20
308.0,11,24,21
318.0,11,24,22
191.0,11,24,23
169.0,11,25,0
204.0,11,25,1
338.0,11,25,2
335.0,11,25,3
127.0,11,25,4
54.0,11,25,5
72.0,11,25,6
22.0,11,25,7
133.0,11,25,8
145.0,11,25,9
121.0,11,25,10
130.0,11,25,11
146.0,11,25,12
86.0,11,25,13
139.0,11,25,14
115.0,11,25,15
329.0,11,25,16
314.0,11,25,17
10.0,11,25,18
349.0,11,25,19
85.0,11,25,20
59.0,11,25,21
237.0,11,25,22
84.0,11,25,23
341.0,11,26,0
280.0,11,26,1
200.0,11,26,2
118.0,11,26,3
89.0,11,26,4
92.0,11,26,5
285.0,11,26,6
50.0,11,26,7
92.0,11,26,8
138.0,11,26,9
101.0,11,26,10
102.0,11,26,11
35.0,11,26,12
107.0,11,26,13
228.0,11,26,14
275.0,11,26,15
276.0,11,26,16
289.0,11,26,17
299.0,11,26,18
270.0,11,26,19
271.0,11,26,20
289.0,11,26,21
275.0,11,26,22
334.0,11,26,23
327.0,11,27,0
258.0,11,27,1
263.0,11,27,2
263.0,11,27,3
68.0,11,27,4
39.0,11,27,5
135.0,11,27,6
49.0,11,27,7
78.0,11,27,8
117.0,11,27,9
199.0,11,27,10
161.0,11,27,11
302.0,11,27,12
33.0,11,27,13
134.0,11,27,14
172.0,11,27,15
112.0,11,27,16
53.0,11,27,17
353.0,11,27,18
305.0,11,27,19
303.0,11,27,20
290.0,11,27,21
315.0,11,27,22
87.0,11,27,23
161.0,11,28,0
210.0,11,28,1
256.0,11,28,2
255.0,11,28,3
287.0,11,28,4
144.0,11,28,5
103.0,11,28,6
76.0,11,28,7
68.0,11,28,8
109.0,11,28,9
49.0,11,28,10
171.0,11,28,11
67.0,11,28,12
102.0,11,28,13
128.0,11,28,14
319.0,11,28,15
302.0,11,28,16
279.0,11,28,17
335.0,11,28,18
266.0,11,28,19
53.0,11,28,20
160.0,11,28,21
148.0,11,28,22
134.0,11,28,23
105.0,11,29,0
113.0,11,29,1
206.0,11,29,2
164.0,11,29,3
145.0,11,29,4
135.0,11,29,5
137.0,11,29,6
133.0,11,29,7
121.0,11,29,8
320.0,11,29,9
153.0,11,29,10
11.0,11,29,11
171.0,11,29,12
254.0,11,29,13
327.0,11,29,14
240.0,11,29,15
306.0,11,29,16
276.0,11,29,17
277.0,11,29,18
281.0,11,29,19
299.0,11,29,20
304.0,11,29,21
309.0,11,29,22
292.0,11,29,23
304.0,11,30,0
150.0,11,30,1
172.0,11,30,2
142.0,11,30,3
348.0,11,30,4
152.0,11,30,5
110.0,11,30,6
246.0,11,30,7
214.0,11,30,8
316.0,11,30,9
207.0,11,30,10
208.0,11,30,11
153.0,11,30,12
207.0,11,30,13
77.0,11,30,14
271.0,11,30,15
284.0,11,30,16
254.0,11,30,17
256.0,11,30,18
281.0,11,30,19
309.0,11,30,20
76.0,11,30,21
94.0,11,30,22
334.0,11,30,23
