330.0,10,1,0
20.0,10,1,1
106.0,10,1,2
63.0,10,1,3
62.0,10,1,4
84.0,10,1,5
320.0,10,1,6
158.0,10,1,7
258.0,10,1,8
319.0,10,1,9
31.0,10,1,10
11.0,10,1,11
115.0,10,1,12
113.0,10,1,13
97.0,10,1,14
103.0,10,1,15
109.0,10,1,16
51.0,10,1,17
152.0,10,1,18
169.0,10,1,19
200.0,10,1,20
116.0,10,1,21
251.0,10,1,22
277.0,10,1,23
255.0,10,2,0
348.0,10,2,1
342.0,10,2,2
355.0,10,2,3
328.0,10,2,4
76.0,10,2,5
337.0,10,2,6
313.0,10,2,7
231.0,10,2,8
348.0,10,2,9
22.0,10,2,10
303.0,10,2,11
293.0,10,2,12
327.0,10,2,13
20.0,10,2,14
49.0,10,2,15
75.0,10,2,16
105.0,10,2,17
96.0,10,2,18
82.0,10,2,19
102.0,10,2,20
190.0,10,2,21
144.0,10,2,22
50.0,10,2,23
357.0,10,3,0
7.0,10,3,1
358.0,10,3,2
3.0,10,3,3
339.0,10,3,4
81.0,10,3,5
94.0,10,3,6
98.0,10,3,7
109.0,10,3,8
118.0,10,3,9
329.0,10,3,10
312.0,10,3,11
335.0,10,3,12
353.0,10,3,13
111.0,10,3,14
114.0,10,3,15
81.0,10,3,16
101.0,10,3,17
4.0,10,3,18
167.0,10,3,19
241.0,10,3,20
284.0,10,3,21
264.0,10,3,22
188.0,10,3,23
320.0,10,4,0
9.0,10,4,1
350.0,10,4,2
360.0,10,4,3
1.0,10,4,4
78.0,10,4,5
354.0,10,4,6
352.0,10,4,7
356.0,10,4,8
351.0,10,4,9
1.0,10,4,10
342.0,10,4,11
351.0,10,4,12
352.0,10,4,13
149.0,10,4,14
313.0,10,4,15
100.0,10,4,16
105.0,10,4,17
87.0,10,4,18
303.0,10,4,19
193.0,10,4,20
152.0,10,4,21
194.0,10,4,22
178.0,10,4,23
314.0,10,5,0
350.0,10,5,1
3.0,10,5,2
354.0,10,5,3
7.0,10,5,4
358.0,10,5,5
3.0,10,5,6
358.0,10,5,7
352.0,10,5,8
4.0,10,5,9
331.0,10,5,10
351.0,10,5,11
3.0,10,5,12
331.0,10,5,13
148.0,10,5,14
344.0,10,5,15
344.0,10,5,16
156.0,10,5,17
266.0,10,5,18
191.0,10,5,19
178.0,10,5,20
239.0,10,5,21
170.0,10,5,22
173.0,10,5,23
293.0,10,6,0
6.0,10,6,1
16.0,10,6,2
18.0,10,6,3
344.0,10,6,4
357.0,10,6,5
339.0,10,6,6
354.0,10,6,7
306.0,10,6,8
319.0,10,6,9
118.0,10,6,10
333.0,10,6,11
333.0,10,6,12
349.0,10,6,13
22.0,10,6,14
119.0,10,6,15
114.0,10,6,16
133.0,10,6,17
157.0,10,6,18
301.0,10,6,19
305.0,10,6,20
175.0,10,6,21
175.0,10,6,22
182.0,10,6,23
354.0,10,7,0
14.0,10,7,1
5.0,10,7,2
306.0,10,7,3
355.0,10,7,4
92.0,10,7,5
106.0,10,7,6
109.0,10,7,7
100.0,10,7,8
100.0,10,7,9
102.0,10,7,10
123.0,10,7,11
277.0,10,7,12
26.0,10,7,13
225.0,10,7,14
128.0,10,7,15
108.0,10,7,16
360.0,10,7,17
208.0,10,7,18
210.0,10,7,19
289.0,10,7,20
257.0,10,7,21
226.0,10,7,22
197.0,10,7,23
267.0,10,8,0
355.0,10,8,1
353.0,10,8,2
6.0,10,8,3
4.0,10,8,4
345.0,10,8,5
3.0,10,8,6
9.0,10,8,7
0.0,10,8,8
22.0,10,8,9
12.0,10,8,10
354.0,10,8,11
0.0,10,8,12
358.0,10,8,13
129.0,10,8,14
166.0,10,8,15
161.0,10,8,16
165.0,10,8,17
299.0,10,8,18
290.0,10,8,19
189.0,10,8,20
152.0,10,8,21
164.0,10,8,22
187.0,10,8,23
284.0,10,9,0
353.0,10,9,1
23.0,10,9,2
326.0,10,9,3
348.0,10,9,4
2.0,10,9,5
351.0,10,9,6
11.0,10,9,7
8.0,10,9,8
332.0,10,9,9
300.0,10,9,10
332.0,10,9,11
2.0,10,9,12
308.0,10,9,13
303.0,10,9,14
140.0,10,9,15
59.0,10,9,16
279.0,10,9,17
168.0,10,9,18
331.0,10,9,19
206.0,10,9,20
276.0,10,9,21
237.0,10,9,22
204.0,10,9,23
205.0,10,10,0
2.0,10,10,1
337.0,10,10,2
347.0,10,10,3
94.0,10,10,4
100.0,10,10,5
99.0,10,10,6
111.0,10,10,7
115.0,10,10,8
112.0,10,10,9
107.0,10,10,10
103.0,10,10,11
99.0,10,10,12
99.0,10,10,13
101.0,10,10,14
108.0,10,10,15
87.0,10,10,16
100.0,10,10,17
133.0,10,10,18
128.0,10,10,19
142.0,10,10,20
186.0,10,10,21
284.0,10,10,22
258.0,10,10,23
211.0,10,11,0
358.0,10,11,1
339.0,10,11,2
355.0,10,11,3
356.0,10,11,4
64.0,10,11,5
56.0,10,11,6
110.0,10,11,7
102.0,10,11,8
3.0,10,11,9
352.0,10,11,10
336.0,10,11,11
3.0,10,11,12
26.0,10,11,13
106.0,10,11,14
88.0,10,11,15
114.0,10,11,16
106.0,10,11,17
297.0,10,11,18
142.0,10,11,19
131.0,10,11,20
256.0,10,11,21
260.0,10,11,22
256.0,10,11,23
273.0,10,12,0
342.0,10,12,1
346.0,10,12,2
349.0,10,12,3
168.0,10,12,4
0.0,10,12,5
14.0,10,12,6
31.0,10,12,7
24.0,10,12,8
340.0,10,12,9
353.0,10,12,10
4.0,10,12,11
335.0,10,12,12
349.0,10,12,13
280.0,10,12,14
144.0,10,12,15
51.0,10,12,16
99.0,10,12,17
282.0,10,12,18
158.0,10,12,19
152.0,10,12,20
172.0,10,12,21
195.0,10,12,22
179.0,10,12,23
265.0,10,13,0
5.0,10,13,1
6.0,10,13,2
58.0,10,13,3
283.0,10,13,4
353.0,10,13,5
316.0,10,13,6
348.0,10,13,7
353.0,10,13,8
328.0,10,13,9
346.0,10,13,10
22.0,10,13,11
324.0,10,13,12
356.0,10,13,13
246.0,10,13,14
169.0,10,13,15
337.0,10,13,16
309.0,10,13,17
172.0,10,13,18
262.0,10,13,19
250.0,10,13,20
321.0,10,13,21
347.0,10,13,22
181.0,10,13,23
328.0,10,14,0
10.0,10,14,1
347.0,10,14,2
324.0,10,14,3
335.0,10,14,4
277.0,10,14,5
326.0,10,14,6
351.0,10,14,7
327.0,10,14,8
348.0,10,14,9
291.0,10,14,10
12.0,10,14,11
77.0,10,14,12
333.0,10,14,13
30.0,10,14,14
33.0,10,14,15
18.0,10,14,16
115.0,10,14,17
214.0,10,14,18
143.0,10,14,19
177.0,10,14,20
144.0,10,14,21
81.0,10,14,22
298.0,10,14,23
139.0,10,15,0
357.0,10,15,1
45.0,10,15,2
101.0,10,15,3
108.0,10,15,4
91.0,10,15,5
42.0,10,15,6
93.0,10,15,7
87.0,10,15,8
90.0,10,15,9
70.0,10,15,10
79.0,10,15,11
68.0,10,15,12
80.0,10,15,13
103.0,10,15,14
110.0,10,15,15
109.0,10,15,16
106.0,10,15,17
122.0,10,15,18
155.0,10,15,19
297.0,10,15,20
101.0,10,15,21
171.0,10,15,22
183.0,10,15,23
355.0,10,16,0
336.0,10,16,1
15.0,10,16,2
88.0,10,16,3
109.0,10,16,4
109.0,10,16,5
103.0,10,16,6
98.0,10,16,7
94.0,10,16,8
85.0,10,16,9
92.0,10,16,10
103.0,10,16,11
79.0,10,16,12
28.0,10,16,13
115.0,10,16,14
101.0,10,16,15
53.0,10,16,16
58.0,10,16,17
56.0,10,16,18
295.0,10,16,19
185.0,10,16,20
145.0,10,16,21
100.0,10,16,22
5.0,10,16,23
27.0,10,17,0
83.0,10,17,1
92.0,10,17,2
115.0,10,17,3
107.0,10,17,4
88.0,10,17,5
84.0,10,17,6
89.0,10,17,7
90.0,10,17,8
50.0,10,17,9
47.0,10,17,10
27.0,10,17,11
37.0,10,17,12
344.0,10,17,13
57.0,10,17,14
63.0,10,17,15
18.0,10,17,16
40.0,10,17,17
354.0,10,17,18
55.0,10,17,19
355.0,10,17,20
0.0,10,17,21
98.0,10,17,22
88.0,10,17,23
70.0,10,18,0
10.0,10,18,1
15.0,10,18,2
31.0,10,18,3
23.0,10,18,4
97.0,10,18,5
51.0,10,18,6
92.0,10,18,7
358.0,10,18,8
348.0,10,18,9
51.0,10,18,10
16.0,10,18,11
55.0,10,18,12
17.0,10,18,13
22.0,10,18,14
24.0,10,18,15
109.0,10,18,16
15.0,10,18,17
64.0,10,18,18
19.0,10,18,19
21.0,10,18,20
346.0,10,18,21
8.0,10,18,22
27.0,10,18,23
346.0,10,19,0
349.0,10,19,1
354.0,10,19,2
25.0,10,19,3
32.0,10,19,4
16.0,10,19,5
349.0,10,19,6
357.0,10,19,7
353.0,10,19,8
1.0,10,19,9
52.0,10,19,10
25.0,10,19,11
15.0,10,19,12
38.0,10,19,13
90.0,10,19,14
34.0,10,19,15
328.0,10,19,16
24.0,10,19,17
3.0,10,19,18
298.0,10,19,19
324.0,10,19,20
350.0,10,19,21
321.0,10,19,22
274.0,10,19,23
308.0,10,20,0
346.0,10,20,1
59.0,10,20,2
66.0,10,20,3
105.0,10,20,4
307.0,10,20,5
322.0,10,20,6
313.0,10,20,7
348.0,10,20,8
340.0,10,20,9
5.0,10,20,10
325.0,10,20,11
343.0,10,20,12
359.0,10,20,13
111.0,10,20,14
118.0,10,20,15
61.0,10,20,16
145.0,10,20,17
108.0,10,20,18
164.0,10,20,19
256.0,10,20,20
156.0,10,20,21
171.0,10,20,22
175.0,10,20,23
175.0,10,21,0
286.0,10,21,1
347.0,10,21,2
351.0,10,21,3
98.0,10,21,4
107.0,10,21,5
110.0,10,21,6
112.0,10,21,7
280.0,10,21,8
30.0,10,21,9
16.0,10,21,10
9.0,10,21,11
293.0,10,21,12
10.0,10,21,13
43.0,10,21,14
86.0,10,21,15
18.0,10,21,16
79.0,10,21,17
94.0,10,21,18
132.0,10,21,19
133.0,10,21,20
337.0,10,21,21
280.0,10,21,22
264.0,10,21,23
339.0,10,22,0
8.0,10,22,1
359.0,10,22,2
296.0,10,22,3
328.0,10,22,4
329.0,10,22,5
37.0,10,22,6
0.0,10,22,7
306.0,10,22,8
242.0,10,22,9
320.0,10,22,10
343.0,10,22,11
5.0,10,22,12
8.0,10,22,13
346.0,10,22,14
332.0,10,22,15
72.0,10,22,16
94.0,10,22,17
150.0,10,22,18
159.0,10,22,19
196.0,10,22,20
284.0,10,22,21
214.0,10,22,22
178.0,10,22,23
179.0,10,23,0
173.0,10,23,1
243.0,10,23,2
271.0,10,23,3
14.0,10,23,4
248.0,10,23,5
333.0,10,23,6
0.0,10,23,7
335.0,10,23,8
317.0,10,23,9
5.0,10,23,10
354.0,10,23,11
147.0,10,23,12
350.0,10,23,13
342.0,10,23,14
285.0,10,23,15
249.0,10,23,16
266.0,10,23,17
346.0,10,23,18
274.0,10,23,19
259.0,10,23,20
222.0,10,23,21
227.0,10,23,22
208.0,10,23,23
184.0,10,24,0
179.0,10,24,1
196.0,10,24,2
197.0,10,24,3
328.0,10,24,4
298.0,10,24,5
163.0,10,24,6
261.0,10,24,7
173.0,10,24,8
145.0,10,24,9
182.0,10,24,10
105.0,10,24,11
315.0,10,24,12
128.0,10,24,13
70.0,10,24,14
237.0,10,24,15
140.0,10,24,16
256.0,10,24,17
234.0,10,24,18
243.0,10,24,19
246.0,10,24,20
248.0,10,24,21
213.0,10,24,22
174.0,10,24,23
191.0,10,25,0
204.0,10,25,1
8.0,10,25,2
75.0,10,25,3
331.0,10,25,4
7.0,10,25,5
15.0,10,25,6
3.0,10,25,7
1.0,10,25,8
11.0,10,25,9
341.0,10,25,10
299.0,10,25,11
358.0,10,25,12
327.0,10,25,13
50.0,10,25,14
207.0,10,25,15
98.0,10,25,16
126.0,10,25,17
129.0,10,25,18
203.0,10,25,19
170.0,10,25,20
115.0,10,25,21
126.0,10,25,22
163.0,10,25,23
8.0,10,26,0
295.0,10,26,1
0.0,10,26,2
87.0,10,26,3
339.0,10,26,4
12.0,10,26,5
336.0,10,26,6
324.0,10,26,7
331.0,10,26,8
312.0,10,26,9
323.0,10,26,10
174.0,10,26,11
67.0,10,26,12
310.0,10,26,13
331.0,10,26,14
341.0,10,26,15
6.0,10,26,16
356.0,10,26,17
339.0,10,26,18
283.0,10,26,19
304.0,10,26,20
156.0,10,26,21
333.0,10,26,22
21.0,10,26,23
312.0,10,27,0
18.0,10,27,1
3.0,10,27,2
316.0,10,27,3
328.0,10,27,4
200.0,10,27,5
341.0,10,27,6
19.0,10,27,7
287.0,10,27,8
340.0,10,27,9
142.0,10,27,10
331.0,10,27,11
334.0,10,27,12
328.0,10,27,13
304.0,10,27,14
204.0,10,27,15
34.0,10,27,16
171.0,10,27,17
249.0,10,27,18
219.0,10,27,19
215.0,10,27,20
170.0,10,27,21
183.0,10,27,22
233.0,10,27,23
280.0,10,28,0
8.0,10,28,1
351.0,10,28,2
9.0,10,28,3
352.0,10,28,4
357.0,10,28,5
338.0,10,28,6
357.0,10,28,7
276.0,10,28,8
23.0,10,28,9
338.0,10,28,10
336.0,10,28,11
345.0,10,28,12
349.0,10,28,13
139.0,10,28,14
164.0,10,28,15
158.0,10,28,16
134.0,10,28,17
133.0,10,28,18
168.0,10,28,19
49.0,10,28,20
114.0,10,28,21
275.0,10,28,22
250.0,10,28,23
188.0,10,29,0
178.0,10,29,1
174.0,10,29,2
339.0,10,29,3
81.0,10,29,4
77.0,10,29,5
68.0,10,29,6
306.0,10,29,7
44.0,10,29,8
347.0,10,29,9
171.0,10,29,10
332.0,10,29,11
321.0,10,29,12
17.0,10,29,13
84.0,10,29,14
55.0,10,29,15
131.0,10,29,16
150.0,10,29,17
158.0,10,29,18
314.0,10,29,19
327.0,10,29,20
292.0,10,29,21
290.0,10,29,22
274.0,10,29,23
332.0,10,30,0
360.0,10,30,1
21.0,10,30,2
356.0,10,30,3
337.0,10,30,4
191.0,10,30,5
123.0,10,30,6
150.0,10,30,7
147.0,10,30,8
137.0,10,30,9
338.0,10,30,10
102.0,10,30,11
359.0,10,30,12
359.0,10,30,13
153.0,10,30,14
88.0,10,30,15
178.0,10,30,16
287.0,10,30,17
111.0,10,30,18
333.0,10,30,19
46.0,10,30,20
334.0,10,30,21
178.0,10,30,22
184.0,10,30,23
192.0,10,31,0
190.0,10,31,1
267.0,10,31,2
188.0,10,31,3
211.0,10,31,4
22.0,10,31,5
10.0,10,31,6
149.0,10,31,7
335.0,10,31,8
351.0,10,31,9
36.0,10,31,10
5.0,10,31,11
334.0,10,31,12
12.0,10,31,13
6.0,10,31,14
323.0,10,31,15
294.0,10,31,16
338.0,10,31,17
23.0,10,31,18
124.0,10,31,19
141.0,10,31,20
256.0,10,31,21
261.0,10,31,22
175.0,10,31,23
