236.0,8,1,0
206.0,8,1,1
173.0,8,1,2
112.0,8,1,3
293.0,8,1,4
358.0,8,1,5
309.0,8,1,6
345.0,8,1,7
4.0,8,1,8
16.0,8,1,9
359.0,8,1,10
350.0,8,1,11
183.0,8,1,12
168.0,8,1,13
157.0,8,1,14
49.0,8,1,15
318.0,8,1,16
197.0,8,1,17
101.0,8,1,18
3.0,8,1,19
18.0,8,1,20
18.0,8,1,21
26.0,8,1,22
291.0,8,1,23
53.0,8,2,0
77.0,8,2,1
96.0,8,2,2
228.0,8,2,3
196.0,8,2,4
126.0,8,2,5
182.0,8,2,6
142.0,8,2,7
84.0,8,2,8
137.0,8,2,9
49.0,8,2,10
95.0,8,2,11
0.0,8,2,12
44.0,8,2,13
187.0,8,2,14
165.0,8,2,15
172.0,8,2,16
165.0,8,2,17
271.0,8,2,18
35.0,8,2,19
33.0,8,2,20
250.0,8,2,21
218.0,8,2,22
7.0,8,2,23
199.0,8,3,0
196.0,8,3,1
182.0,8,3,2
248.0,8,3,3
202.0,8,3,4
219.0,8,3,5
281.0,8,3,6
219.0,8,3,7
189.0,8,3,8
157.0,8,3,9
174.0,8,3,10
260.0,8,3,11
286.0,8,3,12
238.0,8,3,13
124.0,8,3,14
186.0,8,3,15
145.0,8,3,16
156.0,8,3,17
238.0,8,3,18
311.0,8,3,19
337.0,8,3,20
322.0,8,3,21
67.0,8,3,22
167.0,8,3,23
159.0,8,4,0
154.0,8,4,1
185.0,8,4,2
178.0,8,4,3
184.0,8,4,4
206.0,8,4,5
166.0,8,4,6
95.0,8,4,7
28.0,8,4,8
118.0,8,4,9
163.0,8,4,10
50.0,8,4,11
163.0,8,4,12
0.0,8,4,13
172.0,8,4,14
191.0,8,4,15
147.0,8,4,16
144.0,8,4,17
20.0,8,4,18
316.0,8,4,19
215.0,8,4,20
304.0,8,4,21
33.0,8,4,22
24.0,8,4,23
272.0,8,5,0
58.0,8,5,1
20.0,8,5,2
170.0,8,5,3
182.0,8,5,4
178.0,8,5,5
131.0,8,5,6
113.0,8,5,7
25.0,8,5,8
96.0,8,5,9
166.0,8,5,10
177.0,8,5,11
342.0,8,5,12
353.0,8,5,13
298.0,8,5,14
23.0,8,5,15
173.0,8,5,16
192.0,8,5,17
34.0,8,5,18
6.0,8,5,19
345.0,8,5,20
314.0,8,5,21
352.0,8,5,22
3.0,8,5,23
18.0,8,6,0
20.0,8,6,1
36.0,8,6,2
213.0,8,6,3
69.0,8,6,4
33.0,8,6,5
157.0,8,6,6
63.0,8,6,7
356.0,8,6,8
145.0,8,6,9
186.0,8,6,10
192.0,8,6,11
37.0,8,6,12
40.0,8,6,13
29.0,8,6,14
30.0,8,6,15
147.0,8,6,16
159.0,8,6,17
186.0,8,6,18
180.0,8,6,19
223.0,8,6,20
236.0,8,6,21
252.0,8,6,22
172.0,8,6,23
154.0,8,7,0
75.0,8,7,1
137.0,8,7,2
207.0,8,7,3
169.0,8,7,4
61.0,8,7,5
178.0,8,7,6
127.0,8,7,7
201.0,8,7,8
162.0,8,7,9
128.0,8,7,10
217.0,8,7,11
100.0,8,7,12
61.0,8,7,13
177.0,8,7,14
25.0,8,7,15
284.0,8,7,16
294.0,8,7,17
228.0,8,7,18
226.0,8,7,19
234.0,8,7,20
238.0,8,7,21
208.0,8,7,22
4.0,8,7,23
126.0,8,8,0
110.0,8,8,1
150.0,8,8,2
59.0,8,8,3
41.0,8,8,4
25.0,8,8,5
11.0,8,8,6
159.0,8,8,7
63.0,8,8,8
354.0,8,8,9
53.0,8,8,10
43.0,8,8,11
41.0,8,8,12
21.0,8,8,13
13.0,8,8,14
340.0,8,8,15
257.0,8,8,16
142.0,8,8,17
241.0,8,8,18
232.0,8,8,19
282.0,8,8,20
98.0,8,8,21
183.0,8,8,22
176.0,8,8,23
172.0,8,9,0
71.0,8,9,1
163.0,8,9,2
16.0,8,9,3
230.0,8,9,4
170.0,8,9,5
177.0,8,9,6
224.0,8,9,7
325.0,8,9,8
117.0,8,9,9
11.0,8,9,10
22.0,8,9,11
40.0,8,9,12
42.0,8,9,13
341.0,8,9,14
151.0,8,9,15
299.0,8,9,16
263.0,8,9,17
143.0,8,9,18
268.0,8,9,19
353.0,8,9,20
314.0,8,9,21
356.0,8,9,22
354.0,8,9,23
357.0,8,10,0
5.0,8,10,1
42.0,8,10,2
185.0,8,10,3
155.0,8,10,4
61.0,8,10,5
64.0,8,10,6
300.0,8,10,7
27.0,8,10,8
39.0,8,10,9
18.0,8,10,10
63.0,8,10,11
188.0,8,10,12
215.0,8,10,13
212.0,8,10,14
338.0,8,10,15
355.0,8,10,16
357.0,8,10,17
34.0,8,10,18
12.0,8,10,19
55.0,8,10,20
341.0,8,10,21
319.0,8,10,22
339.0,8,10,23
339.0,8,11,0
51.0,8,11,1
61.0,8,11,2
184.0,8,11,3
56.0,8,11,4
14.0,8,11,5
105.0,8,11,6
162.0,8,11,7
214.0,8,11,8
204.0,8,11,9
183.0,8,11,10
150.0,8,11,11
64.0,8,11,12
115.0,8,11,13
207.0,8,11,14
210.0,8,11,15
258.0,8,11,16
276.0,8,11,17
207.0,8,11,18
228.0,8,11,19
160.0,8,11,20
210.0,8,11,21
258.0,8,11,22
329.0,8,11,23
256.0,8,12,0
256.0,8,12,1
218.0,8,12,2
193.0,8,12,3
188.0,8,12,4
307.0,8,12,5
108.0,8,12,6
153.0,8,12,7
206.0,8,12,8
142.0,8,12,9
54.0,8,12,10
356.0,8,12,11
4.0,8,12,12
188.0,8,12,13
145.0,8,12,14
252.0,8,12,15
162.0,8,12,16
138.0,8,12,17
126.0,8,12,18
216.0,8,12,19
294.0,8,12,20
277.0,8,12,21
266.0,8,12,22
335.0,8,12,23
219.0,8,13,0
244.0,8,13,1
45.0,8,13,2
165.0,8,13,3
161.0,8,13,4
160.0,8,13,5
104.0,8,13,6
180.0,8,13,7
229.0,8,13,8
332.0,8,13,9
32.0,8,13,10
50.0,8,13,11
168.0,8,13,12
208.0,8,13,13
216.0,8,13,14
15.0,8,13,15
346.0,8,13,16
230.0,8,13,17
253.0,8,13,18
155.0,8,13,19
213.0,8,13,20
335.0,8,13,21
242.0,8,13,22
212.0,8,13,23
232.0,8,14,0
201.0,8,14,1
235.0,8,14,2
105.0,8,14,3
0.0,8,14,4
35.0,8,14,5
28.0,8,14,6
47.0,8,14,7
81.0,8,14,8
13.0,8,14,9
64.0,8,14,10
156.0,8,14,11
159.0,8,14,12
169.0,8,14,13
34.0,8,14,14
31.0,8,14,15
346.0,8,14,16
30.0,8,14,17
352.0,8,14,18
344.0,8,14,19
274.0,8,14,20
302.0,8,14,21
269.0,8,14,22
232.0,8,14,23
262.0,8,15,0
300.0,8,15,1
352.0,8,15,2
164.0,8,15,3
159.0,8,15,4
246.0,8,15,5
120.0,8,15,6
39.0,8,15,7
101.0,8,15,8
68.0,8,15,9
168.0,8,15,10
151.0,8,15,11
174.0,8,15,12
98.0,8,15,13
150.0,8,15,14
249.0,8,15,15
236.0,8,15,16
111.0,8,15,17
348.0,8,15,18
2.0,8,15,19
318.0,8,15,20
292.0,8,15,21
302.0,8,15,22
273.0,8,15,23
251.0,8,16,0
293.0,8,16,1
301.0,8,16,2
183.0,8,16,3
284.0,8,16,4
200.0,8,16,5
226.0,8,16,6
243.0,8,16,7
175.0,8,16,8
56.0,8,16,9
340.0,8,16,10
291.0,8,16,11
33.0,8,16,12
102.0,8,16,13
159.0,8,16,14
166.0,8,16,15
39.0,8,16,16
27.0,8,16,17
210.0,8,16,18
155.0,8,16,19
119.0,8,16,20
168.0,8,16,21
326.0,8,16,22
30.0,8,16,23
40.0,8,17,0
28.0,8,17,1
103.0,8,17,2
170.0,8,17,3
96.0,8,17,4
58.0,8,17,5
338.0,8,17,6
43.0,8,17,7
83.0,8,17,8
50.0,8,17,9
84.0,8,17,10
76.0,8,17,11
43.0,8,17,12
89.0,8,17,13
52.0,8,17,14
352.0,8,17,15
201.0,8,17,16
170.0,8,17,17
228.0,8,17,18
41.0,8,17,19
287.0,8,17,20
101.0,8,17,21
172.0,8,17,22
108.0,8,17,23
136.0,8,18,0
50.0,8,18,1
103.0,8,18,2
185.0,8,18,3
171.0,8,18,4
152.0,8,18,5
175.0,8,18,6
47.0,8,18,7
149.0,8,18,8
167.0,8,18,9
145.0,8,18,10
178.0,8,18,11
140.0,8,18,12
153.0,8,18,13
103.0,8,18,14
120.0,8,18,15
338.0,8,18,16
346.0,8,18,17
180.0,8,18,18
24.0,8,18,19
351.0,8,18,20
146.0,8,18,21
226.0,8,18,22
236.0,8,18,23
136.0,8,19,0
118.0,8,19,1
171.0,8,19,2
166.0,8,19,3
160.0,8,19,4
85.0,8,19,5
85.0,8,19,6
64.0,8,19,7
74.0,8,19,8
353.0,8,19,9
1.0,8,19,10
317.0,8,19,11
345.0,8,19,12
68.0,8,19,13
13.0,8,19,14
25.0,8,19,15
151.0,8,19,16
251.0,8,19,17
19.0,8,19,18
39.0,8,19,19
92.0,8,19,20
206.0,8,19,21
209.0,8,19,22
262.0,8,19,23
138.0,8,20,0
207.0,8,20,1
163.0,8,20,2
172.0,8,20,3
175.0,8,20,4
164.0,8,20,5
168.0,8,20,6
69.0,8,20,7
42.0,8,20,8
68.0,8,20,9
46.0,8,20,10
304.0,8,20,11
109.0,8,20,12
26.0,8,20,13
347.0,8,20,14
251.0,8,20,15
79.0,8,20,16
277.0,8,20,17
100.0,8,20,18
26.0,8,20,19
24.0,8,20,20
130.0,8,20,21
231.0,8,20,22
225.0,8,20,23
211.0,8,21,0
86.0,8,21,1
71.0,8,21,2
227.0,8,21,3
298.0,8,21,4
289.0,8,21,5
12.0,8,21,6
165.0,8,21,7
179.0,8,21,8
165.0,8,21,9
324.0,8,21,10
55.0,8,21,11
71.0,8,21,12
10.0,8,21,13
42.0,8,21,14
261.0,8,21,15
359.0,8,21,16
277.0,8,21,17
222.0,8,21,18
271.0,8,21,19
219.0,8,21,20
190.0,8,21,21
267.0,8,21,22
337.0,8,21,23
219.0,8,22,0
39.0,8,22,1
13.0,8,22,2
30.0,8,22,3
41.0,8,22,4
23.0,8,22,5
65.0,8,22,6
71.0,8,22,7
25.0,8,22,8
330.0,8,22,9
228.0,8,22,10
175.0,8,22,11
32.0,8,22,12
171.0,8,22,13
192.0,8,22,14
152.0,8,22,15
127.0,8,22,16
155.0,8,22,17
40.0,8,22,18
284.0,8,22,19
279.0,8,22,20
343.0,8,22,21
351.0,8,22,22
39.0,8,22,23
32.0,8,23,0
195.0,8,23,1
188.0,8,23,2
174.0,8,23,3
198.0,8,23,4
168.0,8,23,5
171.0,8,23,6
167.0,8,23,7
148.0,8,23,8
110.0,8,23,9
94.0,8,23,10
112.0,8,23,11
335.0,8,23,12
239.0,8,23,13
316.0,8,23,14
98.0,8,23,15
152.0,8,23,16
328.0,8,23,17
207.0,8,23,18
77.0,8,23,19
90.0,8,23,20
273.0,8,23,21
190.0,8,23,22
35.0,8,23,23
205.0,8,24,0
279.0,8,24,1
187.0,8,24,2
62.0,8,24,3
39.0,8,24,4
177.0,8,24,5
186.0,8,24,6
151.0,8,24,7
77.0,8,24,8
106.0,8,24,9
86.0,8,24,10
183.0,8,24,11
342.0,8,24,12
351.0,8,24,13
148.0,8,24,14
59.0,8,24,15
276.0,8,24,16
343.0,8,24,17
60.0,8,24,18
284.0,8,24,19
330.0,8,24,20
222.0,8,24,21
5.0,8,24,22
39.0,8,24,23
89.0,8,25,0
221.0,8,25,1
110.0,8,25,2
210.0,8,25,3
54.0,8,25,4
87.0,8,25,5
55.0,8,25,6
80.0,8,25,7
23.0,8,25,8
346.0,8,25,9
165.0,8,25,10
188.0,8,25,11
80.0,8,25,12
47.0,8,25,13
92.0,8,25,14
9.0,8,25,15
349.0,8,25,16
260.0,8,25,17
357.0,8,25,18
340.0,8,25,19
43.0,8,25,20
20.0,8,25,21
13.0,8,25,22
43.0,8,25,23
56.0,8,26,0
332.0,8,26,1
177.0,8,26,2
133.0,8,26,3
15.0,8,26,4
74.0,8,26,5
192.0,8,26,6
214.0,8,26,7
192.0,8,26,8
210.0,8,26,9
356.0,8,26,10
247.0,8,26,11
183.0,8,26,12
185.0,8,26,13
208.0,8,26,14
187.0,8,26,15
234.0,8,26,16
202.0,8,26,17
3.0,8,26,18
355.0,8,26,19
347.0,8,26,20
33.0,8,26,21
22.0,8,26,22
345.0,8,26,23
28.0,8,27,0
4.0,8,27,1
19.0,8,27,2
195.0,8,27,3
34.0,8,27,4
358.0,8,27,5
163.0,8,27,6
196.0,8,27,7
153.0,8,27,8
116.0,8,27,9
110.0,8,27,10
125.0,8,27,11
126.0,8,27,12
175.0,8,27,13
187.0,8,27,14
226.0,8,27,15
124.0,8,27,16
193.0,8,27,17
256.0,8,27,18
191.0,8,27,19
354.0,8,27,20
188.0,8,27,21
215.0,8,27,22
217.0,8,27,23
10.0,8,28,0
186.0,8,28,1
181.0,8,28,2
155.0,8,28,3
173.0,8,28,4
72.0,8,28,5
134.0,8,28,6
148.0,8,28,7
175.0,8,28,8
170.0,8,28,9
199.0,8,28,10
206.0,8,28,11
172.0,8,28,12
48.0,8,28,13
16.0,8,28,14
12.0,8,28,15
272.0,8,28,16
192.0,8,28,17
338.0,8,28,18
26.0,8,28,19
172.0,8,28,20
229.0,8,28,21
251.0,8,28,22
201.0,8,28,23
146.0,8,29,0
174.0,8,29,1
165.0,8,29,2
169.0,8,29,3
155.0,8,29,4
179.0,8,29,5
198.0,8,29,6
139.0,8,29,7
153.0,8,29,8
182.0,8,29,9
24.0,8,29,10
196.0,8,29,11
238.0,8,29,12
107.0,8,29,13
56.0,8,29,14
149.0,8,29,15
8.0,8,29,16
350.0,8,29,17
18.0,8,29,18
217.0,8,29,19
252.0,8,29,20
276.0,8,29,21
186.0,8,29,22
247.0,8,29,23
166.0,8,30,0
165.0,8,30,1
179.0,8,30,2
137.0,8,30,3
192.0,8,30,4
160.0,8,30,5
168.0,8,30,6
22.0,8,30,7
195.0,8,30,8
250.0,8,30,9
170.0,8,30,10
147.0,8,30,11
181.0,8,30,12
156.0,8,30,13
192.0,8,30,14
175.0,8,30,15
142.0,8,30,16
174.0,8,30,17
209.0,8,30,18
285.0,8,30,19
33.0,8,30,20
212.0,8,30,21
186.0,8,30,22
188.0,8,30,23
180.0,8,31,0
162.0,8,31,1
107.0,8,31,2
37.0,8,31,3
66.0,8,31,4
31.0,8,31,5
37.0,8,31,6
191.0,8,31,7
53.0,8,31,8
131.0,8,31,9
75.0,8,31,10
194.0,8,31,11
66.0,8,31,12
155.0,8,31,13
56.0,8,31,14
33.0,8,31,15
54.0,8,31,16
66.0,8,31,17
3.0,8,31,18
251.0,8,31,19
122.0,8,31,20
214.0,8,31,21
206.0,8,31,22
152.0,8,31,23
