15.1,12,1,0
11.9,12,1,1
10.0,12,1,2
10.8,12,1,3
11.7,12,1,4
12.7,12,1,5
12.4,12,1,6
12.1,12,1,7
10.8,12,1,8
10.2,12,1,9
9.9,12,1,10
9.6,12,1,11
9.1,12,1,12
7.7,12,1,13
8.2,12,1,14
8.8,12,1,15
15.4,12,1,16
19.4,12,1,17
22.5,12,1,18
22.7,12,1,19
21.4,12,1,20
20.0,12,1,21
19.6,12,1,22
17.2,12,1,23
14.3,12,2,0
12.3,12,2,1
10.4,12,2,2
11.2,12,2,3
9.5,12,2,4
9.4,12,2,5
10.5,12,2,6
11.2,12,2,7
10.8,12,2,8
10.8,12,2,9
9.8,12,2,10
9.4,12,2,11
9.2,12,2,12
8.7,12,2,13
8.7,12,2,14
9.0,12,2,15
11.6,12,2,16
18.4,12,2,17
20.8,12,2,18
20.0,12,2,19
19.2,12,2,20
19.2,12,2,21
18.5,12,2,22
16.3,12,2,23
13.8,12,3,0
12.6,12,3,1
10.5,12,3,2
10.1,12,3,3
9.3,12,3,4
9.0,12,3,5
10.0,12,3,6
10.2,12,3,7
10.4,12,3,8
10.0,12,3,9
9.7,12,3,10
9.6,12,3,11
9.6,12,3,12
9.3,12,3,13
9.8,12,3,14
12.5,12,3,15
14.0,12,3,16
14.8,12,3,17
17.9,12,3,18
16.4,12,3,19
15.6,12,3,20
14.8,12,3,21
14.6,12,3,22
13.3,12,3,23
12.5,12,4,0
10.8,12,4,1
10.2,12,4,2
10.0,12,4,3
10.0,12,4,4
9.9,12,4,5
9.8,12,4,6
9.6,12,4,7
9.2,12,4,8
9.2,12,4,9
9.1,12,4,10
8.9,12,4,11
8.7,12,4,12
8.2,12,4,13
8.4,12,4,14
9.0,12,4,15
13.0,12,4,16
18.1,12,4,17
19.8,12,4,18
16.5,12,4,19
19.4,12,4,20
18.2,12,4,21
16.4,12,4,22
14.9,12,4,23
11.9,12,5,0
9.6,12,5,1
9.6,12,5,2
9.0,12,5,3
8.9,12,5,4
7.6,12,5,5
7.8,12,5,6
7.1,12,5,7
6.4,12,5,8
5.3,12,5,9
4.4,12,5,10
4.2,12,5,11
6.3,12,5,12
6.2,12,5,13
6.6,12,5,14
7.4,12,5,15
9.1,12,5,16
16.1,12,5,17
19.5,12,5,18
18.7,12,5,19
19.5,12,5,20
21.1,12,5,21
20.1,12,5,22
17.5,12,5,23
14.5,12,6,0
11.5,12,6,1
10.8,12,6,2
10.0,12,6,3
8.9,12,6,4
7.1,12,6,5
6.3,12,6,6
5.7,12,6,7
4.8,12,6,8
4.2,12,6,9
3.9,12,6,10
3.4,12,6,11
2.9,12,6,12
6.1,12,6,13
6.9,12,6,14
7.9,12,6,15
11.1,12,6,16
17.5,12,6,17
19.7,12,6,18
20.9,12,6,19
19.2,12,6,20
19.3,12,6,21
19.0,12,6,22
16.5,12,6,23
13.9,12,7,0
12.0,12,7,1
11.7,12,7,2
9.6,12,7,3
9.2,12,7,4
8.3,12,7,5
7.1,12,7,6
7.7,12,7,7
8.1,12,7,8
8.3,12,7,9
7.9,12,7,10
7.6,12,7,11
7.5,12,7,12
6.9,12,7,13
8.1,12,7,14
9.6,12,7,15
12.5,12,7,16
16.1,12,7,17
18.5,12,7,18
20.3,12,7,19
22.0,12,7,20
20.2,12,7,21
17.6,12,7,22
16.8,12,7,23
14.0,12,8,0
10.2,12,8,1
8.4,12,8,2
7.2,12,8,3
6.3,12,8,4
5.7,12,8,5
5.2,12,8,6
5.2,12,8,7
5.1,12,8,8
4.9,12,8,9
4.7,12,8,10
4.6,12,8,11
4.6,12,8,12
4.6,12,8,13
5.6,12,8,14
8.1,12,8,15
10.4,12,8,16
15.7,12,8,17
18.4,12,8,18
18.8,12,8,19
18.5,12,8,20
15.7,12,8,21
16.1,12,8,22
14.8,12,8,23
13.2,12,9,0
10.8,12,9,1
9.3,12,9,2
7.7,12,9,3
7.6,12,9,4
6.9,12,9,5
7.3,12,9,6
7.1,12,9,7
7.2,12,9,8
7.0,12,9,9
6.7,12,9,10
6.6,12,9,11
7.0,12,9,12
6.1,12,9,13
5.6,12,9,14
9.0,12,9,15
14.4,12,9,16
18.4,12,9,17
18.6,12,9,18
19.9,12,9,19
18.1,12,9,20
21.2,12,9,21
19.3,12,9,22
17.1,12,9,23
13.8,12,10,0
10.4,12,10,1
9.1,12,10,2
8.8,12,10,3
7.2,12,10,4
7.1,12,10,5
7.2,12,10,6
6.6,12,10,7
5.7,12,10,8
4.5,12,10,9
3.8,12,10,10
3.6,12,10,11
3.4,12,10,12
2.9,12,10,13
4.3,12,10,14
7.4,12,10,15
13.1,12,10,16
16.0,12,10,17
19.1,12,10,18
18.8,12,10,19
20.2,12,10,20
19.1,12,10,21
19.0,12,10,22
16.0,12,10,23
13.5,12,11,0
10.0,12,11,1
8.8,12,11,2
7.1,12,11,3
6.1,12,11,4
5.0,12,11,5
5.0,12,11,6
5.4,12,11,7
4.7,12,11,8
6.4,12,11,9
7.2,12,11,10
7.0,12,11,11
7.0,12,11,12
6.3,12,11,13
6.4,12,11,14
7.4,12,11,15
9.3,12,11,16
15.0,12,11,17
19.0,12,11,18
19.1,12,11,19
18.1,12,11,20
16.9,12,11,21
16.5,12,11,22
15.4,12,11,23
13.9,12,12,0
12.0,12,12,1
11.4,12,12,2
10.6,12,12,3
10.2,12,12,4
9.5,12,12,5
9.2,12,12,6
9.0,12,12,7
8.2,12,12,8
8.2,12,12,9
8.3,12,12,10
8.3,12,12,11
8.2,12,12,12
7.1,12,12,13
7.7,12,12,14
10.1,12,12,15
14.2,12,12,16
15.8,12,12,17
16.8,12,12,18
16.1,12,12,19
16.2,12,12,20
15.7,12,12,21
14.9,12,12,22
14.0,12,12,23
13.3,12,13,0
12.5,12,13,1
11.1,12,13,2
12.0,12,13,3
12.1,12,13,4
12.1,12,13,5
11.9,12,13,6
11.6,12,13,7
11.5,12,13,8
11.1,12,13,9
10.7,12,13,10
10.5,12,13,11
10.7,12,13,12
10.3,12,13,13
9.7,12,13,14
10.1,12,13,15
11.1,12,13,16
11.4,12,13,17
12.0,12,13,18
11.9,12,13,19
12.0,12,13,20
13.2,12,13,21
14.0,12,13,22
14.0,12,13,23
12.1,12,14,0
10.7,12,14,1
9.4,12,14,2
8.7,12,14,3
9.5,12,14,4
9.3,12,14,5
9.1,12,14,6
8.5,12,14,7
7.3,12,14,8
6.3,12,14,9
5.5,12,14,10
5.3,12,14,11
5.6,12,14,12
5.5,12,14,13
6.0,12,14,14
6.6,12,14,15
8.2,12,14,16
10.9,12,14,17
15.7,12,14,18
17.3,12,14,19
17.3,12,14,20
18.4,12,14,21
18.5,12,14,22
16.0,12,14,23
11.4,12,15,0
8.5,12,15,1
6.9,12,15,2
6.0,12,15,3
5.2,12,15,4
5.8,12,15,5
6.6,12,15,6
6.9,12,15,7
6.9,12,15,8
6.9,12,15,9
7.3,12,15,10
7.4,12,15,11
6.8,12,15,12
6.6,12,15,13
7.0,12,15,14
7.9,12,15,15
9.0,12,15,16
15.1,12,15,17
18.9,12,15,18
18.6,12,15,19
18.7,12,15,20
18.8,12,15,21
18.3,12,15,22
15.8,12,15,23
12.5,12,16,0
8.3,12,16,1
6.9,12,16,2
5.9,12,16,3
5.2,12,16,4
4.0,12,16,5
3.0,12,16,6
2.1,12,16,7
2.4,12,16,8
2.7,12,16,9
3.5,12,16,10
3.7,12,16,11
4.8,12,16,12
3.5,12,16,13
4.3,12,16,14
7.1,12,16,15
10.5,12,16,16
18.1,12,16,17
20.1,12,16,18
19.7,12,16,19
19.6,12,16,20
19.8,12,16,21
19.6,12,16,22
17.3,12,16,23
12.0,12,17,0
8.4,12,17,1
6.7,12,17,2
5.3,12,17,3
4.4,12,17,4
3.3,12,17,5
2.6,12,17,6
2.2,12,17,7
1.7,12,17,8
1.3,12,17,9
1.0,12,17,10
0.5,12,17,11
0.8,12,17,12
0.1,12,17,13
0.3,12,17,14
2.7,12,17,15
9.9,12,17,16
18.0,12,17,17
19.2,12,17,18
19.8,12,17,19
20.5,12,17,20
20.3,12,17,21
19.6,12,17,22
17.2,12,17,23
12.3,12,18,0
7.8,12,18,1
5.9,12,18,2
4.6,12,18,3
3.7,12,18,4
3.0,12,18,5
2.1,12,18,6
1.2,12,18,7
0.7,12,18,8
0.0,12,18,9
-0.2,12,18,10
0.5,12,18,11
0.8,12,18,12
0.4,12,18,13
1.2,12,18,14
5.1,12,18,15
8.6,12,18,16
14.9,12,18,17
17.3,12,18,18
20.5,12,18,19
19.8,12,18,20
18.8,12,18,21
17.2,12,18,22
18.4,12,18,23
14.1,12,19,0
9.7,12,19,1
8.2,12,19,2
7.4,12,19,3
7.6,12,19,4
7.9,12,19,5
7.5,12,19,6
7.3,12,19,7
5.4,12,19,8
4.4,12,19,9
6.1,12,19,10
7.1,12,19,11
7.1,12,19,12
6.6,12,19,13
6.8,12,19,14
7.3,12,19,15
9.3,12,19,16
16.1,12,19,17
20.0,12,19,18
21.5,12,19,19
22.2,12,19,20
21.1,12,19,21
19.9,12,19,22
17.6,12,19,23
14.2,12,20,0
11.1,12,20,1
9.8,12,20,2
9.2,12,20,3
7.8,12,20,4
6.4,12,20,5
5.3,12,20,6
4.7,12,20,7
3.8,12,20,8
3.4,12,20,9
2.9,12,20,10
2.4,12,20,11
2.2,12,20,12
4.9,12,20,13
6.5,12,20,14
7.5,12,20,15
10.1,12,20,16
17.6,12,20,17
20.8,12,20,18
22.6,12,20,19
21.7,12,20,20
21.7,12,20,21
21.0,12,20,22
18.5,12,20,23
14.4,12,21,0
11.3,12,21,1
10.2,12,21,2
10.2,12,21,3
8.7,12,21,4
7.2,12,21,5
6.1,12,21,6
5.1,12,21,7
4.5,12,21,8
3.9,12,21,9
3.2,12,21,10
-99.0,12,21,11
2.3,12,21,12
2.2,12,21,13
3.0,12,21,14
7.1,12,21,15
10.3,12,21,16
17.5,12,21,17
20.8,12,21,18
21.6,12,21,19
23.0,12,21,20
20.4,12,21,21
18.7,12,21,22
16.9,12,21,23
14.2,12,22,0
10.6,12,22,1
8.9,12,22,2
7.5,12,22,3
6.8,12,22,4
6.3,12,22,5
5.5,12,22,6
4.8,12,22,7
4.3,12,22,8
4.0,12,22,9
3.8,12,22,10
3.3,12,22,11
2.9,12,22,12
2.6,12,22,13
3.0,12,22,14
5.9,12,22,15
10.3,12,22,16
13.3,12,22,17
18.8,12,22,18
19.1,12,22,19
20.2,12,22,20
20.4,12,22,21
20.1,12,22,22
17.6,12,22,23
14.6,12,23,0
10.7,12,23,1
8.6,12,23,2
7.5,12,23,3
6.8,12,23,4
5.7,12,23,5
5.6,12,23,6
5.4,12,23,7
5.1,12,23,8
5.4,12,23,9
6.1,12,23,10
5.9,12,23,11
6.0,12,23,12
5.7,12,23,13
6.5,12,23,14
8.0,12,23,15
10.0,12,23,16
12.4,12,23,17
16.9,12,23,18
17.5,12,23,19
16.9,12,23,20
17.3,12,23,21
16.1,12,23,22
15.2,12,23,23
13.7,12,24,0
10.0,12,24,1
7.7,12,24,2
6.7,12,24,3
5.5,12,24,4
4.2,12,24,5
3.5,12,24,6
3.0,12,24,7
1.7,12,24,8
3.2,12,24,9
3.9,12,24,10
3.4,12,24,11
1.9,12,24,12
1.3,12,24,13
2.2,12,24,14
4.7,12,24,15
8.5,12,24,16
17.1,12,24,17
20.0,12,24,18
20.6,12,24,19
21.1,12,24,20
20.4,12,24,21
19.1,12,24,22
17.3,12,24,23
14.4,12,25,0
10.1,12,25,1
8.4,12,25,2
7.4,12,25,3
7.8,12,25,4
6.0,12,25,5
5.2,12,25,6
4.3,12,25,7
3.6,12,25,8
3.3,12,25,9
5.6,12,25,10
6.9,12,25,11
7.4,12,25,12
6.9,12,25,13
6.4,12,25,14
7.1,12,25,15
9.6,12,25,16
16.5,12,25,17
18.5,12,25,18
20.1,12,25,19
20.5,12,25,20
18.9,12,25,21
18.8,12,25,22
17.4,12,25,23
14.0,12,26,0
11.2,12,26,1
9.1,12,26,2
7.7,12,26,3
6.7,12,26,4
5.7,12,26,5
4.7,12,26,6
4.4,12,26,7
3.9,12,26,8
4.4,12,26,9
4.7,12,26,10
4.8,12,26,11
5.3,12,26,12
5.9,12,26,13
7.0,12,26,14
7.7,12,26,15
9.5,12,26,16
12.8,12,26,17
17.2,12,26,18
17.3,12,26,19
17.9,12,26,20
17.4,12,26,21
17.2,12,26,22
15.0,12,26,23
12.9,12,27,0
11.0,12,27,1
9.5,12,27,2
7.9,12,27,3
6.8,12,27,4
6.2,12,27,5
9.3,12,27,6
10.7,12,27,7
10.8,12,27,8
10.6,12,27,9
10.5,12,27,10
10.3,12,27,11
10.1,12,27,12
10.1,12,27,13
10.0,12,27,14
11.3,12,27,15
12.5,12,27,16
15.8,12,27,17
16.4,12,27,18
16.5,12,27,19
17.2,12,27,20
14.9,12,27,21
14.7,12,27,22
14.9,12,27,23
12.9,12,28,0
9.1,12,28,1
6.7,12,28,2
6.5,12,28,3
5.1,12,28,4
4.7,12,28,5
4.2,12,28,6
2.8,12,28,7
1.9,12,28,8
1.9,12,28,9
1.7,12,28,10
0.6,12,28,11
0.9,12,28,12
1.9,12,28,13
2.9,12,28,14
4.7,12,28,15
6.3,12,28,16
12.2,12,28,17
18.8,12,28,18
19.8,12,28,19
19.2,12,28,20
18.0,12,28,21
19.5,12,28,22
17.6,12,28,23
12.7,12,29,0
8.2,12,29,1
6.7,12,29,2
5.8,12,29,3
4.5,12,29,4
3.5,12,29,5
2.4,12,29,6
1.5,12,29,7
0.7,12,29,8
0.4,12,29,9
0.7,12,29,10
0.7,12,29,11
0.9,12,29,12
0.6,12,29,13
1.0,12,29,14
2.5,12,29,15
8.8,12,29,16
17.8,12,29,17
19.0,12,29,18
19.5,12,29,19
19.3,12,29,20
19.5,12,29,21
19.3,12,29,22
17.2,12,29,23
14.4,12,30,0
10.7,12,30,1
9.7,12,30,2
8.7,12,30,3
7.5,12,30,4
5.7,12,30,5
5.4,12,30,6
4.4,12,30,7
3.8,12,30,8
2.9,12,30,9
2.7,12,30,10
2.6,12,30,11
2.4,12,30,12
1.8,12,30,13
2.2,12,30,14
6.1,12,30,15
10.0,12,30,16
17.9,12,30,17
22.5,12,30,18
22.1,12,30,19
20.9,12,30,20
21.2,12,30,21
21.3,12,30,22
19.6,12,30,23
14.6,12,31,0
10.6,12,31,1
8.6,12,31,2
7.4,12,31,3
6.5,12,31,4
6.0,12,31,5
5.5,12,31,6
5.0,12,31,7
4.3,12,31,8
3.5,12,31,9
3.2,12,31,10
2.7,12,31,11
2.3,12,31,12
3.6,12,31,13
5.2,12,31,14
7.6,12,31,15
10.3,12,31,16
18.0,12,31,17
20.8,12,31,18
21.2,12,31,19
21.0,12,31,20
19.4,12,31,21
18.5,12,31,22
17.2,12,31,23
