62.0,5,1,0
1.0,5,1,1
0.0,5,1,2
0.0,5,1,3
0.0,5,1,4
0.0,5,1,5
0.0,5,1,6
0.0,5,1,7
0.0,5,1,8
0.0,5,1,9
0.0,5,1,10
0.0,5,1,11
0.0,5,1,12
179.0,5,1,13
463.0,5,1,14
724.0,5,1,15
868.0,5,1,16
1161.0,5,1,17
415.0,5,1,18
724.0,5,1,19
40.0,5,1,20
361.0,5,1,21
247.0,5,1,22
212.0,5,1,23
94.0,5,2,0
1.0,5,2,1
0.0,5,2,2
0.0,5,2,3
0.0,5,2,4
0.0,5,2,5
0.0,5,2,6
0.0,5,2,7
0.0,5,2,8
0.0,5,2,9
0.0,5,2,10
0.0,5,2,11
0.0,5,2,12
8.0,5,2,13
42.0,5,2,14
468.0,5,2,15
184.0,5,2,16
505.0,5,2,17
283.0,5,2,18
343.0,5,2,19
136.0,5,2,20
105.0,5,2,21
108.0,5,2,22
83.0,5,2,23
35.0,5,3,0
0.0,5,3,1
0.0,5,3,2
0.0,5,3,3
0.0,5,3,4
0.0,5,3,5
0.0,5,3,6
0.0,5,3,7
0.0,5,3,8
0.0,5,3,9
0.0,5,3,10
0.0,5,3,11
0.0,5,3,12
176.0,5,3,13
334.0,5,3,14
246.0,5,3,15
356.0,5,3,16
928.0,5,3,17
432.0,5,3,18
650.0,5,3,19
259.0,5,3,20
169.0,5,3,21
345.0,5,3,22
351.0,5,3,23
27.0,5,4,0
4.0,5,4,1
0.0,5,4,2
0.0,5,4,3
0.0,5,4,4
0.0,5,4,5
0.0,5,4,6
0.0,5,4,7
0.0,5,4,8
0.0,5,4,9
0.0,5,4,10
0.0,5,4,11
0.0,5,4,12
167.0,5,4,13
239.0,5,4,14
671.0,5,4,15
983.0,5,4,16
722.0,5,4,17
359.0,5,4,18
89.0,5,4,19
154.0,5,4,20
150.0,5,4,21
43.0,5,4,22
266.0,5,4,23
13.0,5,5,0
0.0,5,5,1
0.0,5,5,2
0.0,5,5,3
0.0,5,5,4
0.0,5,5,5
0.0,5,5,6
0.0,5,5,7
0.0,5,5,8
0.0,5,5,9
0.0,5,5,10
0.0,5,5,11
0.0,5,5,12
178.0,5,5,13
454.0,5,5,14
712.0,5,5,15
715.0,5,5,16
324.0,5,5,17
1009.0,5,5,18
642.0,5,5,19
312.0,5,5,20
230.0,5,5,21
66.0,5,5,22
42.0,5,5,23
0.0,5,6,0
3.0,5,6,1
0.0,5,6,2
0.0,5,6,3
0.0,5,6,4
0.0,5,6,5
0.0,5,6,6
0.0,5,6,7
0.0,5,6,8
0.0,5,6,9
0.0,5,6,10
0.0,5,6,11
0.0,5,6,12
167.0,5,6,13
436.0,5,6,14
349.0,5,6,15
1017.0,5,6,16
118.0,5,6,17
256.0,5,6,18
230.0,5,6,19
219.0,5,6,20
530.0,5,6,21
274.0,5,6,22
229.0,5,6,23
22.0,5,7,0
0.0,5,7,1
0.0,5,7,2
0.0,5,7,3
0.0,5,7,4
0.0,5,7,5
0.0,5,7,6
0.0,5,7,7
0.0,5,7,8
0.0,5,7,9
0.0,5,7,10
0.0,5,7,11
0.0,5,7,12
181.0,5,7,13
455.0,5,7,14
573.0,5,7,15
943.0,5,7,16
825.0,5,7,17
622.0,5,7,18
342.0,5,7,19
523.0,5,7,20
395.0,5,7,21
210.0,5,7,22
12.0,5,7,23
15.0,5,8,0
1.0,5,8,1
0.0,5,8,2
0.0,5,8,3
0.0,5,8,4
0.0,5,8,5
0.0,5,8,6
0.0,5,8,7
0.0,5,8,8
0.0,5,8,9
0.0,5,8,10
0.0,5,8,11
0.0,5,8,12
189.0,5,8,13
433.0,5,8,14
713.0,5,8,15
1058.0,5,8,16
744.0,5,8,17
283.0,5,8,18
1054.0,5,8,19
399.0,5,8,20
637.0,5,8,21
280.0,5,8,22
72.0,5,8,23
66.0,5,9,0
0.0,5,9,1
0.0,5,9,2
0.0,5,9,3
0.0,5,9,4
0.0,5,9,5
0.0,5,9,6
0.0,5,9,7
0.0,5,9,8
0.0,5,9,9
0.0,5,9,10
0.0,5,9,11
0.0,5,9,12
192.0,5,9,13
463.0,5,9,14
667.0,5,9,15
912.0,5,9,16
991.0,5,9,17
1106.0,5,9,18
346.0,5,9,19
893.0,5,9,20
185.0,5,9,21
192.0,5,9,22
119.0,5,9,23
29.0,5,10,0
0.0,5,10,1
0.0,5,10,2
0.0,5,10,3
0.0,5,10,4
0.0,5,10,5
0.0,5,10,6
0.0,5,10,7
0.0,5,10,8
0.0,5,10,9
0.0,5,10,10
0.0,5,10,11
0.0,5,10,12
198.0,5,10,13
467.0,5,10,14
718.0,5,10,15
382.0,5,10,16
428.0,5,10,17
403.0,5,10,18
81.0,5,10,19
347.0,5,10,20
352.0,5,10,21
721.0,5,10,22
9.0,5,10,23
18.0,5,11,0
1.0,5,11,1
0.0,5,11,2
0.0,5,11,3
0.0,5,11,4
0.0,5,11,5
0.0,5,11,6
0.0,5,11,7
0.0,5,11,8
0.0,5,11,9
0.0,5,11,10
0.0,5,11,11
0.0,5,11,12
196.0,5,11,13
281.0,5,11,14
723.0,5,11,15
977.0,5,11,16
914.0,5,11,17
944.0,5,11,18
980.0,5,11,19
367.0,5,11,20
458.0,5,11,21
311.0,5,11,22
213.0,5,11,23
101.0,5,12,0
0.0,5,12,1
0.0,5,12,2
0.0,5,12,3
0.0,5,12,4
0.0,5,12,5
0.0,5,12,6
0.0,5,12,7
0.0,5,12,8
0.0,5,12,9
0.0,5,12,10
0.0,5,12,11
0.0,5,12,12
50.0,5,12,13
312.0,5,12,14
712.0,5,12,15
526.0,5,12,16
119.0,5,12,17
51.0,5,12,18
157.0,5,12,19
293.0,5,12,20
122.0,5,12,21
93.0,5,12,22
58.0,5,12,23
18.0,5,13,0
0.0,5,13,1
0.0,5,13,2
0.0,5,13,3
0.0,5,13,4
0.0,5,13,5
0.0,5,13,6
0.0,5,13,7
0.0,5,13,8
0.0,5,13,9
0.0,5,13,10
0.0,5,13,11
0.0,5,13,12
214.0,5,13,13
464.0,5,13,14
703.0,5,13,15
902.0,5,13,16
716.0,5,13,17
286.0,5,13,18
121.0,5,13,19
198.0,5,13,20
8.0,5,13,21
51.0,5,13,22
30.0,5,13,23
7.0,5,14,0
0.0,5,14,1
0.0,5,14,2
0.0,5,14,3
0.0,5,14,4
0.0,5,14,5
0.0,5,14,6
0.0,5,14,7
0.0,5,14,8
0.0,5,14,9
0.0,5,14,10
0.0,5,14,11
0.0,5,14,12
83.0,5,14,13
456.0,5,14,14
327.0,5,14,15
466.0,5,14,16
316.0,5,14,17
217.0,5,14,18
460.0,5,14,19
429.0,5,14,20
329.0,5,14,21
239.0,5,14,22
51.0,5,14,23
113.0,5,15,0
0.0,5,15,1
0.0,5,15,2
0.0,5,15,3
0.0,5,15,4
0.0,5,15,5
0.0,5,15,6
0.0,5,15,7
0.0,5,15,8
0.0,5,15,9
0.0,5,15,10
0.0,5,15,11
1.0,5,15,12
62.0,5,15,13
237.0,5,15,14
714.0,5,15,15
617.0,5,15,16
821.0,5,15,17
150.0,5,15,18
104.0,5,15,19
327.0,5,15,20
114.0,5,15,21
131.0,5,15,22
62.0,5,15,23
37.0,5,16,0
0.0,5,16,1
0.0,5,16,2
0.0,5,16,3
0.0,5,16,4
0.0,5,16,5
0.0,5,16,6
0.0,5,16,7
0.0,5,16,8
0.0,5,16,9
0.0,5,16,10
0.0,5,16,11
0.0,5,16,12
197.0,5,16,13
501.0,5,16,14
707.0,5,16,15
895.0,5,16,16
323.0,5,16,17
852.0,5,16,18
815.0,5,16,19
296.0,5,16,20
83.0,5,16,21
6.0,5,16,22
15.0,5,16,23
66.0,5,17,0
1.0,5,17,1
0.0,5,17,2
0.0,5,17,3
0.0,5,17,4
0.0,5,17,5
0.0,5,17,6
0.0,5,17,7
0.0,5,17,8
0.0,5,17,9
0.0,5,17,10
0.0,5,17,11
0.0,5,17,12
186.0,5,17,13
475.0,5,17,14
714.0,5,17,15
424.0,5,17,16
321.0,5,17,17
596.0,5,17,18
631.0,5,17,19
496.0,5,17,20
109.0,5,17,21
97.0,5,17,22
16.0,5,17,23
8.0,5,18,0
0.0,5,18,1
0.0,5,18,2
0.0,5,18,3
0.0,5,18,4
0.0,5,18,5
0.0,5,18,6
0.0,5,18,7
0.0,5,18,8
0.0,5,18,9
0.0,5,18,10
0.0,5,18,11
1.0,5,18,12
200.0,5,18,13
462.0,5,18,14
716.0,5,18,15
988.0,5,18,16
984.0,5,18,17
1143.0,5,18,18
329.0,5,18,19
264.0,5,18,20
183.0,5,18,21
160.0,5,18,22
65.0,5,18,23
67.0,5,19,0
4.0,5,19,1
0.0,5,19,2
0.0,5,19,3
0.0,5,19,4
0.0,5,19,5
0.0,5,19,6
0.0,5,19,7
0.0,5,19,8
0.0,5,19,9
0.0,5,19,10
0.0,5,19,11
1.0,5,19,12
205.0,5,19,13
473.0,5,19,14
729.0,5,19,15
124.0,5,19,16
237.0,5,19,17
150.0,5,19,18
119.0,5,19,19
357.0,5,19,20
61.0,5,19,21
150.0,5,19,22
14.0,5,19,23
10.0,5,20,0
0.0,5,20,1
0.0,5,20,2
0.0,5,20,3
0.0,5,20,4
0.0,5,20,5
0.0,5,20,6
0.0,5,20,7
0.0,5,20,8
0.0,5,20,9
0.0,5,20,10
0.0,5,20,11
1.0,5,20,12
176.0,5,20,13
468.0,5,20,14
422.0,5,20,15
339.0,5,20,16
555.0,5,20,17
90.0,5,20,18
39.0,5,20,19
559.0,5,20,20
231.0,5,20,21
21.0,5,20,22
29.0,5,20,23
28.0,5,21,0
0.0,5,21,1
0.0,5,21,2
0.0,5,21,3
0.0,5,21,4
0.0,5,21,5
0.0,5,21,6
0.0,5,21,7
0.0,5,21,8
0.0,5,21,9
0.0,5,21,10
0.0,5,21,11
1.0,5,21,12
195.0,5,21,13
454.0,5,21,14
663.0,5,21,15
886.0,5,21,16
1166.0,5,21,17
1146.0,5,21,18
1231.0,5,21,19
182.0,5,21,20
612.0,5,21,21
204.0,5,21,22
302.0,5,21,23
7.0,5,22,0
0.0,5,22,1
0.0,5,22,2
0.0,5,22,3
0.0,5,22,4
0.0,5,22,5
0.0,5,22,6
0.0,5,22,7
0.0,5,22,8
0.0,5,22,9
0.0,5,22,10
0.0,5,22,11
0.0,5,22,12
32.0,5,22,13
38.0,5,22,14
317.0,5,22,15
251.0,5,22,16
831.0,5,22,17
507.0,5,22,18
556.0,5,22,19
468.0,5,22,20
185.0,5,22,21
31.0,5,22,22
67.0,5,22,23
14.0,5,23,0
1.0,5,23,1
0.0,5,23,2
0.0,5,23,3
0.0,5,23,4
0.0,5,23,5
0.0,5,23,6
0.0,5,23,7
0.0,5,23,8
0.0,5,23,9
0.0,5,23,10
0.0,5,23,11
1.0,5,23,12
98.0,5,23,13
441.0,5,23,14
635.0,5,23,15
481.0,5,23,16
1021.0,5,23,17
407.0,5,23,18
157.0,5,23,19
338.0,5,23,20
42.0,5,23,21
158.0,5,23,22
79.0,5,23,23
77.0,5,24,0
1.0,5,24,1
0.0,5,24,2
0.0,5,24,3
0.0,5,24,4
0.0,5,24,5
0.0,5,24,6
0.0,5,24,7
0.0,5,24,8
0.0,5,24,9
0.0,5,24,10
0.0,5,24,11
0.0,5,24,12
199.0,5,24,13
455.0,5,24,14
141.0,5,24,15
199.0,5,24,16
213.0,5,24,17
268.0,5,24,18
205.0,5,24,19
30.0,5,24,20
40.0,5,24,21
116.0,5,24,22
179.0,5,24,23
85.0,5,25,0
0.0,5,25,1
0.0,5,25,2
0.0,5,25,3
0.0,5,25,4
0.0,5,25,5
0.0,5,25,6
0.0,5,25,7
0.0,5,25,8
0.0,5,25,9
0.0,5,25,10
0.0,5,25,11
2.0,5,25,12
192.0,5,25,13
344.0,5,25,14
413.0,5,25,15
614.0,5,25,16
372.0,5,25,17
286.0,5,25,18
94.0,5,25,19
199.0,5,25,20
231.0,5,25,21
173.0,5,25,22
314.0,5,25,23
158.0,5,26,0
5.0,5,26,1
0.0,5,26,2
0.0,5,26,3
0.0,5,26,4
0.0,5,26,5
0.0,5,26,6
0.0,5,26,7
0.0,5,26,8
0.0,5,26,9
0.0,5,26,10
0.0,5,26,11
1.0,5,26,12
225.0,5,26,13
249.0,5,26,14
418.0,5,26,15
977.0,5,26,16
1081.0,5,26,17
1139.0,5,26,18
1276.0,5,26,19
572.0,5,26,20
472.0,5,26,21
331.0,5,26,22
73.0,5,26,23
44.0,5,27,0
2.0,5,27,1
0.0,5,27,2
0.0,5,27,3
0.0,5,27,4
0.0,5,27,5
0.0,5,27,6
0.0,5,27,7
0.0,5,27,8
0.0,5,27,9
0.0,5,27,10
0.0,5,27,11
2.0,5,27,12
197.0,5,27,13
515.0,5,27,14
828.0,5,27,15
707.0,5,27,16
916.0,5,27,17
457.0,5,27,18
990.0,5,27,19
469.0,5,27,20
47.0,5,27,21
212.0,5,27,22
30.0,5,27,23
5.0,5,28,0
1.0,5,28,1
0.0,5,28,2
0.0,5,28,3
0.0,5,28,4
0.0,5,28,5
0.0,5,28,6
0.0,5,28,7
0.0,5,28,8
0.0,5,28,9
0.0,5,28,10
0.0,5,28,11
2.0,5,28,12
123.0,5,28,13
437.0,5,28,14
751.0,5,28,15
923.0,5,28,16
972.0,5,28,17
529.0,5,28,18
765.0,5,28,19
173.0,5,28,20
204.0,5,28,21
452.0,5,28,22
143.0,5,28,23
14.0,5,29,0
1.0,5,29,1
0.0,5,29,2
0.0,5,29,3
0.0,5,29,4
0.0,5,29,5
0.0,5,29,6
0.0,5,29,7
0.0,5,29,8
0.0,5,29,9
0.0,5,29,10
0.0,5,29,11
4.0,5,29,12
108.0,5,29,13
373.0,5,29,14
540.0,5,29,15
141.0,5,29,16
211.0,5,29,17
482.0,5,29,18
36.0,5,29,19
563.0,5,29,20
145.0,5,29,21
428.0,5,29,22
246.0,5,29,23
114.0,5,30,0
7.0,5,30,1
0.0,5,30,2
0.0,5,30,3
0.0,5,30,4
0.0,5,30,5
0.0,5,30,6
0.0,5,30,7
0.0,5,30,8
0.0,5,30,9
0.0,5,30,10
0.0,5,30,11
1.0,5,30,12
194.0,5,30,13
267.0,5,30,14
354.0,5,30,15
103.0,5,30,16
287.0,5,30,17
169.0,5,30,18
93.0,5,30,19
287.0,5,30,20
164.0,5,30,21
477.0,5,30,22
141.0,5,30,23
86.0,5,31,0
0.0,5,31,1
0.0,5,31,2
0.0,5,31,3
0.0,5,31,4
0.0,5,31,5
0.0,5,31,6
0.0,5,31,7
0.0,5,31,8
0.0,5,31,9
0.0,5,31,10
0.0,5,31,11
0.0,5,31,12
58.0,5,31,13
154.0,5,31,14
94.0,5,31,15
93.0,5,31,16
286.0,5,31,17
294.0,5,31,18
173.0,5,31,19
77.0,5,31,20
73.0,5,31,21
52.0,5,31,22
48.0,5,31,23
