93.0,12,1,0
90.0,12,1,1
91.0,12,1,2
92.0,12,1,3
98.0,12,1,4
98.0,12,1,5
97.0,12,1,6
98.0,12,1,7
96.0,12,1,8
93.0,12,1,9
93.0,12,1,10
94.0,12,1,11
92.0,12,1,12
95.0,12,1,13
99.0,12,1,14
105.0,12,1,15
104.0,12,1,16
126.0,12,1,17
126.0,12,1,18
134.0,12,1,19
122.0,12,1,20
112.0,12,1,21
122.0,12,1,22
311.0,12,1,23
309.0,12,2,0
106.0,12,2,1
83.0,12,2,2
301.0,12,2,3
312.0,12,2,4
302.0,12,2,5
307.0,12,2,6
299.0,12,2,7
303.0,12,2,8
323.0,12,2,9
313.0,12,2,10
321.0,12,2,11
322.0,12,2,12
329.0,12,2,13
330.0,12,2,14
357.0,12,2,15
237.0,12,2,16
269.0,12,2,17
266.0,12,2,18
270.0,12,2,19
279.0,12,2,20
290.0,12,2,21
246.0,12,2,22
110.0,12,2,23
103.0,12,3,0
99.0,12,3,1
99.0,12,3,2
123.0,12,3,3
311.0,12,3,4
157.0,12,3,5
112.0,12,3,6
284.0,12,3,7
231.0,12,3,8
277.0,12,3,9
175.0,12,3,10
256.0,12,3,11
247.0,12,3,12
277.0,12,3,13
225.0,12,3,14
275.0,12,3,15
196.0,12,3,16
129.0,12,3,17
112.0,12,3,18
114.0,12,3,19
100.0,12,3,20
105.0,12,3,21
104.0,12,3,22
100.0,12,3,23
104.0,12,4,0
100.0,12,4,1
101.0,12,4,2
90.0,12,4,3
82.0,12,4,4
115.0,12,4,5
76.0,12,4,6
96.0,12,4,7
113.0,12,4,8
98.0,12,4,9
97.0,12,4,10
98.0,12,4,11
99.0,12,4,12
98.0,12,4,13
99.0,12,4,14
102.0,12,4,15
103.0,12,4,16
110.0,12,4,17
128.0,12,4,18
117.0,12,4,19
141.0,12,4,20
105.0,12,4,21
110.0,12,4,22
108.0,12,4,23
99.0,12,5,0
98.0,12,5,1
95.0,12,5,2
96.0,12,5,3
110.0,12,5,4
114.0,12,5,5
114.0,12,5,6
105.0,12,5,7
107.0,12,5,8
108.0,12,5,9
108.0,12,5,10
109.0,12,5,11
105.0,12,5,12
104.0,12,5,13
103.0,12,5,14
112.0,12,5,15
110.0,12,5,16
107.0,12,5,17
101.0,12,5,18
109.0,12,5,19
112.0,12,5,20
117.0,12,5,21
108.0,12,5,22
115.0,12,5,23
106.0,12,6,0
99.0,12,6,1
100.0,12,6,2
92.0,12,6,3
101.0,12,6,4
97.0,12,6,5
99.0,12,6,6
100.0,12,6,7
100.0,12,6,8
102.0,12,6,9
102.0,12,6,10
105.0,12,6,11
104.0,12,6,12
101.0,12,6,13
103.0,12,6,14
106.0,12,6,15
112.0,12,6,16
104.0,12,6,17
112.0,12,6,18
103.0,12,6,19
107.0,12,6,20
109.0,12,6,21
109.0,12,6,22
101.0,12,6,23
98.0,12,7,0
106.0,12,7,1
103.0,12,7,2
93.0,12,7,3
104.0,12,7,4
98.0,12,7,5
98.0,12,7,6
84.0,12,7,7
89.0,12,7,8
87.0,12,7,9
89.0,12,7,10
85.0,12,7,11
87.0,12,7,12
90.0,12,7,13
96.0,12,7,14
98.0,12,7,15
266.0,12,7,16
287.0,12,7,17
277.0,12,7,18
282.0,12,7,19
286.0,12,7,20
286.0,12,7,21
289.0,12,7,22
303.0,12,7,23
272.0,12,8,0
301.0,12,8,1
312.0,12,8,2
300.0,12,8,3
304.0,12,8,4
313.0,12,8,5
305.0,12,8,6
314.0,12,8,7
307.0,12,8,8
308.0,12,8,9
316.0,12,8,10
318.0,12,8,11
313.0,12,8,12
299.0,12,8,13
307.0,12,8,14
319.0,12,8,15
280.0,12,8,16
270.0,12,8,17
290.0,12,8,18
277.0,12,8,19
285.0,12,8,20
307.0,12,8,21
283.0,12,8,22
292.0,12,8,23
302.0,12,9,0
92.0,12,9,1
347.0,12,9,2
290.0,12,9,3
296.0,12,9,4
314.0,12,9,5
305.0,12,9,6
299.0,12,9,7
296.0,12,9,8
296.0,12,9,9
304.0,12,9,10
299.0,12,9,11
297.0,12,9,12
295.0,12,9,13
287.0,12,9,14
291.0,12,9,15
288.0,12,9,16
283.0,12,9,17
286.0,12,9,18
293.0,12,9,19
284.0,12,9,20
279.0,12,9,21
274.0,12,9,22
282.0,12,9,23
300.0,12,10,0
97.0,12,10,1
30.0,12,10,2
324.0,12,10,3
76.0,12,10,4
278.0,12,10,5
301.0,12,10,6
304.0,12,10,7
293.0,12,10,8
298.0,12,10,9
298.0,12,10,10
297.0,12,10,11
296.0,12,10,12
290.0,12,10,13
294.0,12,10,14
292.0,12,10,15
286.0,12,10,16
280.0,12,10,17
277.0,12,10,18
283.0,12,10,19
282.0,12,10,20
286.0,12,10,21
280.0,12,10,22
288.0,12,10,23
325.0,12,11,0
300.0,12,11,1
298.0,12,11,2
290.0,12,11,3
317.0,12,11,4
112.0,12,11,5
170.0,12,11,6
317.0,12,11,7
112.0,12,11,8
118.0,12,11,9
88.0,12,11,10
85.0,12,11,11
89.0,12,11,12
111.0,12,11,13
286.0,12,11,14
269.0,12,11,15
285.0,12,11,16
289.0,12,11,17
242.0,12,11,18
282.0,12,11,19
283.0,12,11,20
271.0,12,11,21
286.0,12,11,22
281.0,12,11,23
274.0,12,12,0
271.0,12,12,1
293.0,12,12,2
258.0,12,12,3
247.0,12,12,4
251.0,12,12,5
272.0,12,12,6
298.0,12,12,7
299.0,12,12,8
296.0,12,12,9
305.0,12,12,10
295.0,12,12,11
307.0,12,12,12
303.0,12,12,13
303.0,12,12,14
311.0,12,12,15
289.0,12,12,16
269.0,12,12,17
289.0,12,12,18
238.0,12,12,19
263.0,12,12,20
261.0,12,12,21
284.0,12,12,22
266.0,12,12,23
299.0,12,13,0
313.0,12,13,1
309.0,12,13,2
306.0,12,13,3
251.0,12,13,4
293.0,12,13,5
310.0,12,13,6
301.0,12,13,7
294.0,12,13,8
281.0,12,13,9
308.0,12,13,10
281.0,12,13,11
286.0,12,13,12
285.0,12,13,13
297.0,12,13,14
304.0,12,13,15
299.0,12,13,16
290.0,12,13,17
278.0,12,13,18
282.0,12,13,19
276.0,12,13,20
283.0,12,13,21
285.0,12,13,22
291.0,12,13,23
300.0,12,14,0
292.0,12,14,1
290.0,12,14,2
295.0,12,14,3
290.0,12,14,4
345.0,12,14,5
299.0,12,14,6
36.0,12,14,7
3.0,12,14,8
93.0,12,14,9
22.0,12,14,10
55.0,12,14,11
318.0,12,14,12
262.0,12,14,13
192.0,12,14,14
163.0,12,14,15
224.0,12,14,16
199.0,12,14,17
250.0,12,14,18
275.0,12,14,19
275.0,12,14,20
283.0,12,14,21
287.0,12,14,22
287.0,12,14,23
295.0,12,15,0
300.0,12,15,1
303.0,12,15,2
290.0,12,15,3
298.0,12,15,4
294.0,12,15,5
292.0,12,15,6
292.0,12,15,7
298.0,12,15,8
297.0,12,15,9
295.0,12,15,10
295.0,12,15,11
296.0,12,15,12
306.0,12,15,13
281.0,12,15,14
287.0,12,15,15
295.0,12,15,16
290.0,12,15,17
299.0,12,15,18
299.0,12,15,19
293.0,12,15,20
293.0,12,15,21
285.0,12,15,22
281.0,12,15,23
260.0,12,16,0
290.0,12,16,1
291.0,12,16,2
285.0,12,16,3
277.0,12,16,4
275.0,12,16,5
302.0,12,16,6
295.0,12,16,7
284.0,12,16,8
297.0,12,16,9
287.0,12,16,10
285.0,12,16,11
279.0,12,16,12
291.0,12,16,13
285.0,12,16,14
294.0,12,16,15
290.0,12,16,16
293.0,12,16,17
294.0,12,16,18
296.0,12,16,19
270.0,12,16,20
280.0,12,16,21
286.0,12,16,22
283.0,12,16,23
293.0,12,17,0
291.0,12,17,1
293.0,12,17,2
300.0,12,17,3
286.0,12,17,4
291.0,12,17,5
274.0,12,17,6
297.0,12,17,7
293.0,12,17,8
293.0,12,17,9
298.0,12,17,10
298.0,12,17,11
298.0,12,17,12
293.0,12,17,13
286.0,12,17,14
288.0,12,17,15
293.0,12,17,16
278.0,12,17,17
286.0,12,17,18
289.0,12,17,19
287.0,12,17,20
287.0,12,17,21
284.0,12,17,22
262.0,12,17,23
292.0,12,18,0
298.0,12,18,1
296.0,12,18,2
300.0,12,18,3
292.0,12,18,4
285.0,12,18,5
99.0,12,18,6
125.0,12,18,7
146.0,12,18,8
268.0,12,18,9
301.0,12,18,10
153.0,12,18,11
201.0,12,18,12
267.0,12,18,13
176.0,12,18,14
249.0,12,18,15
217.0,12,18,16
203.0,12,18,17
251.0,12,18,18
132.0,12,18,19
289.0,12,18,20
292.0,12,18,21
294.0,12,18,22
294.0,12,18,23
293.0,12,19,0
306.0,12,19,1
312.0,12,19,2
299.0,12,19,3
300.0,12,19,4
310.0,12,19,5
269.0,12,19,6
62.0,12,19,7
92.0,12,19,8
69.0,12,19,9
71.0,12,19,10
68.0,12,19,11
55.0,12,19,12
98.0,12,19,13
78.0,12,19,14
86.0,12,19,15
105.0,12,19,16
104.0,12,19,17
107.0,12,19,18
152.0,12,19,19
123.0,12,19,20
122.0,12,19,21
112.0,12,19,22
102.0,12,19,23
99.0,12,20,0
91.0,12,20,1
95.0,12,20,2
98.0,12,20,3
102.0,12,20,4
99.0,12,20,5
96.0,12,20,6
102.0,12,20,7
103.0,12,20,8
103.0,12,20,9
97.0,12,20,10
98.0,12,20,11
99.0,12,20,12
102.0,12,20,13
112.0,12,20,14
118.0,12,20,15
106.0,12,20,16
107.0,12,20,17
139.0,12,20,18
117.0,12,20,19
271.0,12,20,20
271.0,12,20,21
277.0,12,20,22
295.0,12,20,23
302.0,12,21,0
314.0,12,21,1
311.0,12,21,2
298.0,12,21,3
290.0,12,21,4
95.0,12,21,5
307.0,12,21,6
117.0,12,21,7
118.0,12,21,8
83.0,12,21,9
60.0,12,21,10
-99.0,12,21,11
87.0,12,21,12
75.0,12,21,13
314.0,12,21,14
109.0,12,21,15
156.0,12,21,16
254.0,12,21,17
288.0,12,21,18
149.0,12,21,19
296.0,12,21,20
104.0,12,21,21
126.0,12,21,22
99.0,12,21,23
101.0,12,22,0
357.0,12,22,1
235.0,12,22,2
99.0,12,22,3
101.0,12,22,4
106.0,12,22,5
104.0,12,22,6
101.0,12,22,7
83.0,12,22,8
300.0,12,22,9
216.0,12,22,10
258.0,12,22,11
249.0,12,22,12
214.0,12,22,13
266.0,12,22,14
259.0,12,22,15
284.0,12,22,16
277.0,12,22,17
285.0,12,22,18
284.0,12,22,19
278.0,12,22,20
280.0,12,22,21
274.0,12,22,22
259.0,12,22,23
272.0,12,23,0
196.0,12,23,1
249.0,12,23,2
284.0,12,23,3
279.0,12,23,4
320.0,12,23,5
289.0,12,23,6
305.0,12,23,7
286.0,12,23,8
282.0,12,23,9
291.0,12,23,10
290.0,12,23,11
265.0,12,23,12
300.0,12,23,13
294.0,12,23,14
301.0,12,23,15
285.0,12,23,16
290.0,12,23,17
295.0,12,23,18
287.0,12,23,19
293.0,12,23,20
278.0,12,23,21
272.0,12,23,22
100.0,12,23,23
280.0,12,24,0
279.0,12,24,1
297.0,12,24,2
313.0,12,24,3
296.0,12,24,4
318.0,12,24,5
309.0,12,24,6
279.0,12,24,7
283.0,12,24,8
284.0,12,24,9
275.0,12,24,10
288.0,12,24,11
302.0,12,24,12
350.0,12,24,13
159.0,12,24,14
155.0,12,24,15
149.0,12,24,16
147.0,12,24,17
291.0,12,24,18
121.0,12,24,19
133.0,12,24,20
125.0,12,24,21
104.0,12,24,22
134.0,12,24,23
72.0,12,25,0
98.0,12,25,1
98.0,12,25,2
92.0,12,25,3
96.0,12,25,4
64.0,12,25,5
99.0,12,25,6
100.0,12,25,7
100.0,12,25,8
92.0,12,25,9
96.0,12,25,10
97.0,12,25,11
97.0,12,25,12
95.0,12,25,13
103.0,12,25,14
103.0,12,25,15
112.0,12,25,16
117.0,12,25,17
117.0,12,25,18
121.0,12,25,19
282.0,12,25,20
261.0,12,25,21
214.0,12,25,22
289.0,12,25,23
304.0,12,26,0
302.0,12,26,1
90.0,12,26,2
317.0,12,26,3
303.0,12,26,4
303.0,12,26,5
306.0,12,26,6
324.0,12,26,7
89.0,12,26,8
314.0,12,26,9
77.0,12,26,10
74.0,12,26,11
103.0,12,26,12
98.0,12,26,13
108.0,12,26,14
117.0,12,26,15
193.0,12,26,16
275.0,12,26,17
288.0,12,26,18
283.0,12,26,19
288.0,12,26,20
294.0,12,26,21
287.0,12,26,22
285.0,12,26,23
292.0,12,27,0
265.0,12,27,1
267.0,12,27,2
212.0,12,27,3
307.0,12,27,4
274.0,12,27,5
281.0,12,27,6
267.0,12,27,7
275.0,12,27,8
268.0,12,27,9
275.0,12,27,10
263.0,12,27,11
290.0,12,27,12
305.0,12,27,13
292.0,12,27,14
305.0,12,27,15
304.0,12,27,16
266.0,12,27,17
265.0,12,27,18
296.0,12,27,19
292.0,12,27,20
287.0,12,27,21
289.0,12,27,22
295.0,12,27,23
298.0,12,28,0
292.0,12,28,1
308.0,12,28,2
298.0,12,28,3
300.0,12,28,4
302.0,12,28,5
291.0,12,28,6
304.0,12,28,7
286.0,12,28,8
306.0,12,28,9
307.0,12,28,10
302.0,12,28,11
296.0,12,28,12
300.0,12,28,13
303.0,12,28,14
291.0,12,28,15
283.0,12,28,16
278.0,12,28,17
274.0,12,28,18
263.0,12,28,19
271.0,12,28,20
268.0,12,28,21
264.0,12,28,22
277.0,12,28,23
52.0,12,29,0
69.0,12,29,1
77.0,12,29,2
80.0,12,29,3
357.0,12,29,4
307.0,12,29,5
289.0,12,29,6
280.0,12,29,7
271.0,12,29,8
281.0,12,29,9
257.0,12,29,10
291.0,12,29,11
298.0,12,29,12
290.0,12,29,13
316.0,12,29,14
259.0,12,29,15
264.0,12,29,16
248.0,12,29,17
269.0,12,29,18
275.0,12,29,19
279.0,12,29,20
274.0,12,29,21
277.0,12,29,22
286.0,12,29,23
291.0,12,30,0
309.0,12,30,1
290.0,12,30,2
294.0,12,30,3
301.0,12,30,4
303.0,12,30,5
295.0,12,30,6
271.0,12,30,7
167.0,12,30,8
202.0,12,30,9
219.0,12,30,10
285.0,12,30,11
317.0,12,30,12
99.0,12,30,13
102.0,12,30,14
87.0,12,30,15
107.0,12,30,16
105.0,12,30,17
119.0,12,30,18
124.0,12,30,19
271.0,12,30,20
94.0,12,30,21
133.0,12,30,22
43.0,12,30,23
284.0,12,31,0
323.0,12,31,1
297.0,12,31,2
9.0,12,31,3
301.0,12,31,4
317.0,12,31,5
95.0,12,31,6
283.0,12,31,7
90.0,12,31,8
85.0,12,31,9
58.0,12,31,10
86.0,12,31,11
54.0,12,31,12
71.0,12,31,13
100.0,12,31,14
111.0,12,31,15
111.0,12,31,16
111.0,12,31,17
125.0,12,31,18
121.0,12,31,19
122.0,12,31,20
122.0,12,31,21
127.0,12,31,22
143.0,12,31,23
