21.8,8,1,0
21.1,8,1,1
20.2,8,1,2
20.0,8,1,3
18.3,8,1,4
17.2,8,1,5
16.5,8,1,6
16.3,8,1,7
15.9,8,1,8
15.8,8,1,9
15.8,8,1,10
16.3,8,1,11
15.8,8,1,12
16.6,8,1,13
19.6,8,1,14
25.4,8,1,15
26.4,8,1,16
26.4,8,1,17
26.7,8,1,18
26.8,8,1,19
26.9,8,1,20
26.0,8,1,21
24.1,8,1,22
24.5,8,1,23
22.8,8,2,0
21.8,8,2,1
20.2,8,2,2
20.2,8,2,3
19.9,8,2,4
19.5,8,2,5
19.2,8,2,6
17.8,8,2,7
16.6,8,2,8
15.9,8,2,9
15.4,8,2,10
15.1,8,2,11
15.0,8,2,12
15.8,8,2,13
20.1,8,2,14
24.3,8,2,15
25.1,8,2,16
25.7,8,2,17
23.3,8,2,18
23.4,8,2,19
23.2,8,2,20
23.0,8,2,21
23.5,8,2,22
22.2,8,2,23
22.1,8,3,0
21.1,8,3,1
20.4,8,3,2
19.8,8,3,3
19.8,8,3,4
19.5,8,3,5
19.4,8,3,6
18.5,8,3,7
18.3,8,3,8
17.7,8,3,9
17.0,8,3,10
16.0,8,3,11
15.6,8,3,12
16.2,8,3,13
20.2,8,3,14
24.7,8,3,15
25.9,8,3,16
24.4,8,3,17
24.8,8,3,18
24.7,8,3,19
24.8,8,3,20
24.9,8,3,21
23.7,8,3,22
23.9,8,3,23
23.6,8,4,0
22.5,8,4,1
21.3,8,4,2
21.1,8,4,3
20.9,8,4,4
20.6,8,4,5
20.5,8,4,6
20.5,8,4,7
19.2,8,4,8
17.7,8,4,9
16.4,8,4,10
16.7,8,4,11
16.5,8,4,12
16.8,8,4,13
20.4,8,4,14
26.0,8,4,15
25.8,8,4,16
25.4,8,4,17
25.8,8,4,18
27.7,8,4,19
27.0,8,4,20
26.1,8,4,21
26.1,8,4,22
24.1,8,4,23
21.8,8,5,0
21.2,8,5,1
20.7,8,5,2
20.6,8,5,3
19.1,8,5,4
19.6,8,5,5
19.6,8,5,6
18.7,8,5,7
18.3,8,5,8
17.0,8,5,9
16.2,8,5,10
15.7,8,5,11
15.2,8,5,12
15.8,8,5,13
18.9,8,5,14
25.1,8,5,15
25.6,8,5,16
26.2,8,5,17
26.4,8,5,18
26.7,8,5,19
26.5,8,5,20
25.0,8,5,21
22.9,8,5,22
22.2,8,5,23
22.1,8,6,0
21.5,8,6,1
20.1,8,6,2
20.3,8,6,3
20.0,8,6,4
19.9,8,6,5
19.7,8,6,6
18.7,8,6,7
17.8,8,6,8
16.9,8,6,9
16.7,8,6,10
15.9,8,6,11
15.2,8,6,12
17.0,8,6,13
20.0,8,6,14
25.7,8,6,15
26.1,8,6,16
26.7,8,6,17
26.7,8,6,18
25.8,8,6,19
25.6,8,6,20
25.1,8,6,21
25.1,8,6,22
24.3,8,6,23
22.5,8,7,0
20.9,8,7,1
20.0,8,7,2
19.4,8,7,3
18.7,8,7,4
18.1,8,7,5
17.7,8,7,6
17.6,8,7,7
17.2,8,7,8
16.9,8,7,9
16.6,8,7,10
16.6,8,7,11
16.4,8,7,12
17.2,8,7,13
21.2,8,7,14
25.9,8,7,15
26.5,8,7,16
26.6,8,7,17
26.9,8,7,18
27.2,8,7,19
27.3,8,7,20
26.3,8,7,21
25.7,8,7,22
24.6,8,7,23
23.8,8,8,0
22.4,8,8,1
22.1,8,8,2
21.5,8,8,3
21.3,8,8,4
19.8,8,8,5
19.6,8,8,6
19.6,8,8,7
20.3,8,8,8
18.5,8,8,9
18.1,8,8,10
18.5,8,8,11
17.3,8,8,12
19.0,8,8,13
22.1,8,8,14
26.6,8,8,15
27.9,8,8,16
28.0,8,8,17
28.1,8,8,18
27.2,8,8,19
26.0,8,8,20
24.8,8,8,21
24.9,8,8,22
24.3,8,8,23
23.3,8,9,0
22.3,8,9,1
21.2,8,9,2
20.5,8,9,3
19.5,8,9,4
18.7,8,9,5
18.5,8,9,6
17.6,8,9,7
17.2,8,9,8
17.6,8,9,9
17.1,8,9,10
16.2,8,9,11
18.0,8,9,12
18.5,8,9,13
21.8,8,9,14
25.5,8,9,15
26.7,8,9,16
28.9,8,9,17
28.5,8,9,18
28.6,8,9,19
28.1,8,9,20
25.7,8,9,21
27.1,8,9,22
25.2,8,9,23
23.6,8,10,0
22.7,8,10,1
22.6,8,10,2
21.9,8,10,3
21.5,8,10,4
20.4,8,10,5
19.2,8,10,6
18.0,8,10,7
17.3,8,10,8
17.3,8,10,9
17.2,8,10,10
16.6,8,10,11
16.0,8,10,12
16.2,8,10,13
19.6,8,10,14
21.7,8,10,15
26.0,8,10,16
27.1,8,10,17
27.4,8,10,18
27.0,8,10,19
26.4,8,10,20
27.5,8,10,21
25.5,8,10,22
24.8,8,10,23
24.1,8,11,0
21.8,8,11,1
21.5,8,11,2
20.8,8,11,3
19.3,8,11,4
19.4,8,11,5
18.2,8,11,6
17.4,8,11,7
16.4,8,11,8
15.9,8,11,9
16.3,8,11,10
14.9,8,11,11
15.4,8,11,12
15.9,8,11,13
18.8,8,11,14
23.6,8,11,15
21.7,8,11,16
20.9,8,11,17
24.3,8,11,18
25.0,8,11,19
24.2,8,11,20
23.5,8,11,21
24.3,8,11,22
23.9,8,11,23
21.9,8,12,0
21.2,8,12,1
19.8,8,12,2
19.0,8,12,3
18.9,8,12,4
19.0,8,12,5
18.9,8,12,6
18.6,8,12,7
17.9,8,12,8
17.6,8,12,9
17.0,8,12,10
16.8,8,12,11
16.2,8,12,12
16.7,8,12,13
19.3,8,12,14
21.7,8,12,15
23.6,8,12,16
22.1,8,12,17
22.7,8,12,18
21.1,8,12,19
21.2,8,12,20
18.8,8,12,21
18.9,8,12,22
19.0,8,12,23
19.3,8,13,0
18.6,8,13,1
17.5,8,13,2
16.8,8,13,3
16.5,8,13,4
16.3,8,13,5
16.1,8,13,6
16.7,8,13,7
17.0,8,13,8
17.2,8,13,9
17.1,8,13,10
17.0,8,13,11
16.2,8,13,12
16.2,8,13,13
18.7,8,13,14
21.3,8,13,15
22.0,8,13,16
20.9,8,13,17
20.6,8,13,18
20.0,8,13,19
18.6,8,13,20
18.7,8,13,21
19.2,8,13,22
18.2,8,13,23
18.0,8,14,0
18.2,8,14,1
18.5,8,14,2
18.5,8,14,3
18.6,8,14,4
18.5,8,14,5
18.2,8,14,6
16.7,8,14,7
15.6,8,14,8
14.8,8,14,9
14.3,8,14,10
13.6,8,14,11
12.9,8,14,12
13.8,8,14,13
17.6,8,14,14
24.1,8,14,15
25.9,8,14,16
25.4,8,14,17
25.4,8,14,18
26.0,8,14,19
26.4,8,14,20
25.9,8,14,21
25.1,8,14,22
24.0,8,14,23
22.7,8,15,0
21.1,8,15,1
20.1,8,15,2
19.1,8,15,3
17.8,8,15,4
16.6,8,15,5
16.2,8,15,6
16.6,8,15,7
16.2,8,15,8
15.8,8,15,9
16.3,8,15,10
15.9,8,15,11
15.2,8,15,12
15.9,8,15,13
19.6,8,15,14
27.1,8,15,15
26.4,8,15,16
26.1,8,15,17
25.0,8,15,18
26.3,8,15,19
27.3,8,15,20
26.5,8,15,21
25.6,8,15,22
25.3,8,15,23
23.2,8,16,0
22.0,8,16,1
21.4,8,16,2
20.9,8,16,3
20.2,8,16,4
18.2,8,16,5
17.2,8,16,6
16.9,8,16,7
16.9,8,16,8
17.0,8,16,9
16.9,8,16,10
16.4,8,16,11
16.1,8,16,12
17.2,8,16,13
20.9,8,16,14
27.0,8,16,15
27.0,8,16,16
27.6,8,16,17
27.1,8,16,18
26.9,8,16,19
25.8,8,16,20
24.1,8,16,21
25.5,8,16,22
24.2,8,16,23
23.2,8,17,0
21.4,8,17,1
20.8,8,17,2
20.4,8,17,3
20.5,8,17,4
20.1,8,17,5
19.2,8,17,6
17.8,8,17,7
17.5,8,17,8
17.5,8,17,9
17.5,8,17,10
17.3,8,17,11
17.3,8,17,12
17.7,8,17,13
19.3,8,17,14
19.6,8,17,15
21.1,8,17,16
22.4,8,17,17
21.9,8,17,18
26.0,8,17,19
22.6,8,17,20
22.6,8,17,21
22.9,8,17,22
22.9,8,17,23
21.1,8,18,0
20.2,8,18,1
19.5,8,18,2
20.0,8,18,3
19.4,8,18,4
18.6,8,18,5
17.8,8,18,6
17.4,8,18,7
17.7,8,18,8
17.6,8,18,9
17.7,8,18,10
17.5,8,18,11
17.3,8,18,12
18.4,8,18,13
21.6,8,18,14
22.9,8,18,15
24.7,8,18,16
24.5,8,18,17
25.3,8,18,18
25.0,8,18,19
24.1,8,18,20
23.4,8,18,21
22.2,8,18,22
21.7,8,18,23
21.1,8,19,0
19.1,8,19,1
19.8,8,19,2
20.8,8,19,3
21.0,8,19,4
19.6,8,19,5
18.6,8,19,6
18.5,8,19,7
19.4,8,19,8
19.3,8,19,9
20.0,8,19,10
21.3,8,19,11
20.9,8,19,12
21.3,8,19,13
23.7,8,19,14
29.3,8,19,15
28.3,8,19,16
29.0,8,19,17
29.1,8,19,18
30.5,8,19,19
29.2,8,19,20
27.9,8,19,21
25.2,8,19,22
24.6,8,19,23
20.0,8,20,0
21.6,8,20,1
19.1,8,20,2
21.0,8,20,3
21.1,8,20,4
20.6,8,20,5
19.9,8,20,6
19.6,8,20,7
19.5,8,20,8
18.9,8,20,9
18.8,8,20,10
18.6,8,20,11
18.5,8,20,12
18.9,8,20,13
21.8,8,20,14
27.8,8,20,15
28.9,8,20,16
29.1,8,20,17
29.3,8,20,18
29.1,8,20,19
29.1,8,20,20
27.2,8,20,21
25.9,8,20,22
24.6,8,20,23
23.9,8,21,0
23.1,8,21,1
23.0,8,21,2
21.9,8,21,3
21.1,8,21,4
19.3,8,21,5
19.0,8,21,6
18.3,8,21,7
18.0,8,21,8
17.9,8,21,9
17.9,8,21,10
18.1,8,21,11
17.9,8,21,12
17.9,8,21,13
19.3,8,21,14
21.7,8,21,15
23.6,8,21,16
25.6,8,21,17
26.2,8,21,18
26.5,8,21,19
25.9,8,21,20
25.1,8,21,21
23.7,8,21,22
23.5,8,21,23
24.2,8,22,0
21.0,8,22,1
20.1,8,22,2
20.0,8,22,3
20.3,8,22,4
19.9,8,22,5
19.7,8,22,6
19.2,8,22,7
18.3,8,22,8
17.3,8,22,9
16.6,8,22,10
16.4,8,22,11
15.8,8,22,12
17.1,8,22,13
20.0,8,22,14
22.6,8,22,15
25.0,8,22,16
24.0,8,22,17
26.7,8,22,18
25.9,8,22,19
25.4,8,22,20
24.6,8,22,21
22.6,8,22,22
20.7,8,22,23
22.4,8,23,0
20.0,8,23,1
19.6,8,23,2
19.5,8,23,3
19.1,8,23,4
18.3,8,23,5
18.3,8,23,6
18.2,8,23,7
18.0,8,23,8
17.8,8,23,9
17.7,8,23,10
17.2,8,23,11
16.8,8,23,12
17.7,8,23,13
19.4,8,23,14
25.2,8,23,15
23.9,8,23,16
25.8,8,23,17
26.2,8,23,18
26.9,8,23,19
26.4,8,23,20
26.5,8,23,21
24.8,8,23,22
24.2,8,23,23
19.9,8,24,0
21.0,8,24,1
20.3,8,24,2
20.2,8,24,3
19.3,8,24,4
19.8,8,24,5
20.1,8,24,6
19.7,8,24,7
19.5,8,24,8
19.2,8,24,9
18.1,8,24,10
16.7,8,24,11
15.9,8,24,12
16.1,8,24,13
19.0,8,24,14
24.3,8,24,15
24.5,8,24,16
25.2,8,24,17
25.9,8,24,18
26.8,8,24,19
24.5,8,24,20
24.8,8,24,21
25.4,8,24,22
24.1,8,24,23
21.9,8,25,0
19.9,8,25,1
19.9,8,25,2
19.8,8,25,3
19.6,8,25,4
19.4,8,25,5
18.4,8,25,6
17.4,8,25,7
16.4,8,25,8
15.9,8,25,9
15.3,8,25,10
15.1,8,25,11
15.1,8,25,12
15.4,8,25,13
18.2,8,25,14
25.5,8,25,15
25.1,8,25,16
23.9,8,25,17
22.7,8,25,18
24.2,8,25,19
25.9,8,25,20
27.0,8,25,21
21.7,8,25,22
20.5,8,25,23
22.4,8,26,0
19.3,8,26,1
18.5,8,26,2
18.8,8,26,3
18.8,8,26,4
18.2,8,26,5
17.7,8,26,6
17.1,8,26,7
17.5,8,26,8
17.5,8,26,9
17.6,8,26,10
17.0,8,26,11
16.4,8,26,12
17.2,8,26,13
19.3,8,26,14
22.2,8,26,15
22.4,8,26,16
24.3,8,26,17
26.1,8,26,18
24.0,8,26,19
24.1,8,26,20
25.9,8,26,21
22.6,8,26,22
19.8,8,26,23
19.9,8,27,0
19.3,8,27,1
19.0,8,27,2
18.6,8,27,3
18.4,8,27,4
17.9,8,27,5
17.9,8,27,6
17.2,8,27,7
16.4,8,27,8
16.1,8,27,9
15.5,8,27,10
15.6,8,27,11
15.1,8,27,12
15.4,8,27,13
17.5,8,27,14
22.2,8,27,15
23.5,8,27,16
24.3,8,27,17
24.6,8,27,18
23.2,8,27,19
22.2,8,27,20
23.3,8,27,21
22.8,8,27,22
18.8,8,27,23
18.6,8,28,0
18.3,8,28,1
18.1,8,28,2
18.0,8,28,3
18.0,8,28,4
17.7,8,28,5
17.3,8,28,6
17.2,8,28,7
17.1,8,28,8
17.3,8,28,9
17.2,8,28,10
17.3,8,28,11
17.3,8,28,12
17.1,8,28,13
19.1,8,28,14
19.4,8,28,15
21.0,8,28,16
23.3,8,28,17
25.2,8,28,18
22.4,8,28,19
22.7,8,28,20
22.8,8,28,21
21.5,8,28,22
20.5,8,28,23
20.5,8,29,0
19.0,8,29,1
19.1,8,29,2
18.9,8,29,3
19.1,8,29,4
18.8,8,29,5
18.3,8,29,6
17.4,8,29,7
16.5,8,29,8
16.1,8,29,9
15.7,8,29,10
15.8,8,29,11
15.5,8,29,12
15.6,8,29,13
18.3,8,29,14
23.6,8,29,15
21.7,8,29,16
21.2,8,29,17
23.9,8,29,18
24.7,8,29,19
22.2,8,29,20
22.3,8,29,21
22.3,8,29,22
22.4,8,29,23
20.6,8,30,0
20.0,8,30,1
19.4,8,30,2
19.1,8,30,3
19.0,8,30,4
19.0,8,30,5
19.1,8,30,6
18.8,8,30,7
18.4,8,30,8
18.1,8,30,9
17.9,8,30,10
17.3,8,30,11
16.9,8,30,12
17.7,8,30,13
19.7,8,30,14
22.0,8,30,15
20.4,8,30,16
24.3,8,30,17
23.4,8,30,18
24.2,8,30,19
24.7,8,30,20
23.2,8,30,21
21.6,8,30,22
20.7,8,30,23
20.4,8,31,0
20.1,8,31,1
20.1,8,31,2
19.6,8,31,3
19.0,8,31,4
18.0,8,31,5
18.4,8,31,6
18.3,8,31,7
17.9,8,31,8
17.3,8,31,9
16.8,8,31,10
16.4,8,31,11
16.2,8,31,12
16.8,8,31,13
18.9,8,31,14
24.9,8,31,15
25.1,8,31,16
25.9,8,31,17
26.5,8,31,18
24.9,8,31,19
24.8,8,31,20
22.8,8,31,21
21.7,8,31,22
21.4,8,31,23
