26.0,10,1,0
0.0,10,1,1
0.0,10,1,2
0.0,10,1,3
0.0,10,1,4
0.0,10,1,5
0.0,10,1,6
0.0,10,1,7
0.0,10,1,8
0.0,10,1,9
0.0,10,1,10
0.0,10,1,11
0.0,10,1,12
13.0,10,1,13
91.0,10,1,14
348.0,10,1,15
254.0,10,1,16
345.0,10,1,17
897.0,10,1,18
624.0,10,1,19
323.0,10,1,20
291.0,10,1,21
95.0,10,1,22
117.0,10,1,23
13.0,10,2,0
0.0,10,2,1
0.0,10,2,2
0.0,10,2,3
0.0,10,2,4
0.0,10,2,5
0.0,10,2,6
0.0,10,2,7
0.0,10,2,8
0.0,10,2,9
0.0,10,2,10
0.0,10,2,11
0.0,10,2,12
67.0,10,2,13
281.0,10,2,14
496.0,10,2,15
727.0,10,2,16
886.0,10,2,17
987.0,10,2,18
984.0,10,2,19
905.0,10,2,20
744.0,10,2,21
519.0,10,2,22
212.0,10,2,23
15.0,10,3,0
0.0,10,3,1
0.0,10,3,2
0.0,10,3,3
0.0,10,3,4
0.0,10,3,5
0.0,10,3,6
0.0,10,3,7
0.0,10,3,8
0.0,10,3,9
0.0,10,3,10
0.0,10,3,11
0.0,10,3,12
66.0,10,3,13
278.0,10,3,14
490.0,10,3,15
713.0,10,3,16
874.0,10,3,17
970.0,10,3,18
963.0,10,3,19
891.0,10,3,20
737.0,10,3,21
504.0,10,3,22
186.0,10,3,23
16.0,10,4,0
0.0,10,4,1
0.0,10,4,2
0.0,10,4,3
0.0,10,4,4
0.0,10,4,5
0.0,10,4,6
0.0,10,4,7
0.0,10,4,8
0.0,10,4,9
0.0,10,4,10
0.0,10,4,11
0.0,10,4,12
56.0,10,4,13
259.0,10,4,14
435.0,10,4,15
664.0,10,4,16
847.0,10,4,17
979.0,10,4,18
724.0,10,4,19
988.0,10,4,20
313.0,10,4,21
434.0,10,4,22
97.0,10,4,23
2.0,10,5,0
0.0,10,5,1
0.0,10,5,2
0.0,10,5,3
0.0,10,5,4
0.0,10,5,5
0.0,10,5,6
0.0,10,5,7
0.0,10,5,8
0.0,10,5,9
0.0,10,5,10
0.0,10,5,11
0.0,10,5,12
55.0,10,5,13
255.0,10,5,14
251.0,10,5,15
696.0,10,5,16
853.0,10,5,17
810.0,10,5,18
817.0,10,5,19
266.0,10,5,20
307.0,10,5,21
183.0,10,5,22
78.0,10,5,23
13.0,10,6,0
0.0,10,6,1
0.0,10,6,2
0.0,10,6,3
0.0,10,6,4
0.0,10,6,5
0.0,10,6,6
0.0,10,6,7
0.0,10,6,8
0.0,10,6,9
0.0,10,6,10
0.0,10,6,11
0.0,10,6,12
40.0,10,6,13
269.0,10,6,14
295.0,10,6,15
707.0,10,6,16
879.0,10,6,17
782.0,10,6,18
974.0,10,6,19
826.0,10,6,20
279.0,10,6,21
268.0,10,6,22
36.0,10,6,23
6.0,10,7,0
0.0,10,7,1
0.0,10,7,2
0.0,10,7,3
0.0,10,7,4
0.0,10,7,5
0.0,10,7,6
0.0,10,7,7
0.0,10,7,8
0.0,10,7,9
0.0,10,7,10
0.0,10,7,11
0.0,10,7,12
60.0,10,7,13
271.0,10,7,14
476.0,10,7,15
716.0,10,7,16
497.0,10,7,17
960.0,10,7,18
467.0,10,7,19
993.0,10,7,20
228.0,10,7,21
359.0,10,7,22
60.0,10,7,23
8.0,10,8,0
0.0,10,8,1
0.0,10,8,2
0.0,10,8,3
0.0,10,8,4
0.0,10,8,5
0.0,10,8,6
0.0,10,8,7
0.0,10,8,8
0.0,10,8,9
0.0,10,8,10
0.0,10,8,11
0.0,10,8,12
57.0,10,8,13
263.0,10,8,14
465.0,10,8,15
668.0,10,8,16
830.0,10,8,17
917.0,10,8,18
752.0,10,8,19
736.0,10,8,20
308.0,10,8,21
105.0,10,8,22
27.0,10,8,23
0.0,10,9,0
0.0,10,9,1
0.0,10,9,2
0.0,10,9,3
0.0,10,9,4
0.0,10,9,5
0.0,10,9,6
0.0,10,9,7
0.0,10,9,8
0.0,10,9,9
0.0,10,9,10
0.0,10,9,11
0.0,10,9,12
46.0,10,9,13
243.0,10,9,14
458.0,10,9,15
529.0,10,9,16
498.0,10,9,17
668.0,10,9,18
639.0,10,9,19
377.0,10,9,20
353.0,10,9,21
420.0,10,9,22
95.0,10,9,23
10.0,10,10,0
0.0,10,10,1
0.0,10,10,2
0.0,10,10,3
0.0,10,10,4
0.0,10,10,5
0.0,10,10,6
0.0,10,10,7
0.0,10,10,8
0.0,10,10,9
0.0,10,10,10
0.0,10,10,11
0.0,10,10,12
63.0,10,10,13
262.0,10,10,14
499.0,10,10,15
600.0,10,10,16
440.0,10,10,17
606.0,10,10,18
272.0,10,10,19
864.0,10,10,20
277.0,10,10,21
100.0,10,10,22
89.0,10,10,23
10.0,10,11,0
0.0,10,11,1
0.0,10,11,2
0.0,10,11,3
0.0,10,11,4
0.0,10,11,5
0.0,10,11,6
0.0,10,11,7
0.0,10,11,8
0.0,10,11,9
0.0,10,11,10
0.0,10,11,11
0.0,10,11,12
23.0,10,11,13
259.0,10,11,14
473.0,10,11,15
686.0,10,11,16
870.0,10,11,17
1002.0,10,11,18
725.0,10,11,19
920.0,10,11,20
213.0,10,11,21
289.0,10,11,22
45.0,10,11,23
6.0,10,12,0
0.0,10,12,1
0.0,10,12,2
0.0,10,12,3
0.0,10,12,4
0.0,10,12,5
0.0,10,12,6
0.0,10,12,7
0.0,10,12,8
0.0,10,12,9
0.0,10,12,10
0.0,10,12,11
0.0,10,12,12
52.0,10,12,13
264.0,10,12,14
465.0,10,12,15
678.0,10,12,16
836.0,10,12,17
918.0,10,12,18
908.0,10,12,19
832.0,10,12,20
623.0,10,12,21
368.0,10,12,22
122.0,10,12,23
5.0,10,13,0
0.0,10,13,1
0.0,10,13,2
0.0,10,13,3
0.0,10,13,4
0.0,10,13,5
0.0,10,13,6
0.0,10,13,7
0.0,10,13,8
0.0,10,13,9
0.0,10,13,10
0.0,10,13,11
0.0,10,13,12
32.0,10,13,13
251.0,10,13,14
484.0,10,13,15
695.0,10,13,16
785.0,10,13,17
895.0,10,13,18
966.0,10,13,19
427.0,10,13,20
413.0,10,13,21
371.0,10,13,22
42.0,10,13,23
4.0,10,14,0
0.0,10,14,1
0.0,10,14,2
0.0,10,14,3
0.0,10,14,4
0.0,10,14,5
0.0,10,14,6
0.0,10,14,7
0.0,10,14,8
0.0,10,14,9
0.0,10,14,10
0.0,10,14,11
0.0,10,14,12
25.0,10,14,13
336.0,10,14,14
557.0,10,14,15
491.0,10,14,16
161.0,10,14,17
272.0,10,14,18
143.0,10,14,19
74.0,10,14,20
101.0,10,14,21
233.0,10,14,22
75.0,10,14,23
2.0,10,15,0
0.0,10,15,1
0.0,10,15,2
0.0,10,15,3
0.0,10,15,4
0.0,10,15,5
0.0,10,15,6
0.0,10,15,7
0.0,10,15,8
0.0,10,15,9
0.0,10,15,10
0.0,10,15,11
0.0,10,15,12
34.0,10,15,13
264.0,10,15,14
463.0,10,15,15
678.0,10,15,16
836.0,10,15,17
943.0,10,15,18
775.0,10,15,19
607.0,10,15,20
286.0,10,15,21
85.0,10,15,22
37.0,10,15,23
1.0,10,16,0
0.0,10,16,1
0.0,10,16,2
0.0,10,16,3
0.0,10,16,4
0.0,10,16,5
0.0,10,16,6
0.0,10,16,7
0.0,10,16,8
0.0,10,16,9
0.0,10,16,10
0.0,10,16,11
0.0,10,16,12
35.0,10,16,13
123.0,10,16,14
277.0,10,16,15
470.0,10,16,16
679.0,10,16,17
181.0,10,16,18
172.0,10,16,19
151.0,10,16,20
54.0,10,16,21
68.0,10,16,22
42.0,10,16,23
2.0,10,17,0
0.0,10,17,1
0.0,10,17,2
0.0,10,17,3
0.0,10,17,4
0.0,10,17,5
0.0,10,17,6
0.0,10,17,7
0.0,10,17,8
0.0,10,17,9
0.0,10,17,10
0.0,10,17,11
0.0,10,17,12
4.0,10,17,13
26.0,10,17,14
52.0,10,17,15
84.0,10,17,16
140.0,10,17,17
135.0,10,17,18
200.0,10,17,19
102.0,10,17,20
105.0,10,17,21
88.0,10,17,22
26.0,10,17,23
1.0,10,18,0
0.0,10,18,1
0.0,10,18,2
0.0,10,18,3
0.0,10,18,4
0.0,10,18,5
0.0,10,18,6
0.0,10,18,7
0.0,10,18,8
0.0,10,18,9
0.0,10,18,10
0.0,10,18,11
0.0,10,18,12
1.0,10,18,13
22.0,10,18,14
89.0,10,18,15
73.0,10,18,16
50.0,10,18,17
69.0,10,18,18
234.0,10,18,19
117.0,10,18,20
98.0,10,18,21
33.0,10,18,22
24.0,10,18,23
1.0,10,19,0
0.0,10,19,1
0.0,10,19,2
0.0,10,19,3
0.0,10,19,4
0.0,10,19,5
0.0,10,19,6
0.0,10,19,7
0.0,10,19,8
0.0,10,19,9
0.0,10,19,10
0.0,10,19,11
0.0,10,19,12
7.0,10,19,13
60.0,10,19,14
149.0,10,19,15
68.0,10,19,16
115.0,10,19,17
153.0,10,19,18
790.0,10,19,19
772.0,10,19,20
133.0,10,19,21
380.0,10,19,22
165.0,10,19,23
5.0,10,20,0
0.0,10,20,1
0.0,10,20,2
0.0,10,20,3
0.0,10,20,4
0.0,10,20,5
0.0,10,20,6
0.0,10,20,7
0.0,10,20,8
0.0,10,20,9
0.0,10,20,10
0.0,10,20,11
0.0,10,20,12
39.0,10,20,13
263.0,10,20,14
464.0,10,20,15
598.0,10,20,16
832.0,10,20,17
802.0,10,20,18
577.0,10,20,19
715.0,10,20,20
663.0,10,20,21
357.0,10,20,22
70.0,10,20,23
2.0,10,21,0
0.0,10,21,1
0.0,10,21,2
0.0,10,21,3
0.0,10,21,4
0.0,10,21,5
0.0,10,21,6
0.0,10,21,7
0.0,10,21,8
0.0,10,21,9
0.0,10,21,10
0.0,10,21,11
0.0,10,21,12
29.0,10,21,13
68.0,10,21,14
256.0,10,21,15
584.0,10,21,16
266.0,10,21,17
318.0,10,21,18
667.0,10,21,19
306.0,10,21,20
249.0,10,21,21
139.0,10,21,22
9.0,10,21,23
0.0,10,22,0
0.0,10,22,1
0.0,10,22,2
0.0,10,22,3
0.0,10,22,4
0.0,10,22,5
0.0,10,22,6
0.0,10,22,7
0.0,10,22,8
0.0,10,22,9
0.0,10,22,10
0.0,10,22,11
0.0,10,22,12
28.0,10,22,13
153.0,10,22,14
422.0,10,22,15
655.0,10,22,16
554.0,10,22,17
880.0,10,22,18
354.0,10,22,19
88.0,10,22,20
15.0,10,22,21
8.0,10,22,22
9.0,10,22,23
0.0,10,23,0
0.0,10,23,1
0.0,10,23,2
0.0,10,23,3
0.0,10,23,4
0.0,10,23,5
0.0,10,23,6
0.0,10,23,7
0.0,10,23,8
0.0,10,23,9
0.0,10,23,10
0.0,10,23,11
0.0,10,23,12
58.0,10,23,13
114.0,10,23,14
261.0,10,23,15
677.0,10,23,16
791.0,10,23,17
727.0,10,23,18
111.0,10,23,19
269.0,10,23,20
138.0,10,23,21
49.0,10,23,22
64.0,10,23,23
1.0,10,24,0
0.0,10,24,1
0.0,10,24,2
0.0,10,24,3
0.0,10,24,4
0.0,10,24,5
0.0,10,24,6
0.0,10,24,7
0.0,10,24,8
0.0,10,24,9
0.0,10,24,10
0.0,10,24,11
0.0,10,24,12
20.0,10,24,13
114.0,10,24,14
553.0,10,24,15
221.0,10,24,16
141.0,10,24,17
342.0,10,24,18
389.0,10,24,19
401.0,10,24,20
352.0,10,24,21
99.0,10,24,22
87.0,10,24,23
0.0,10,25,0
0.0,10,25,1
0.0,10,25,2
0.0,10,25,3
0.0,10,25,4
0.0,10,25,5
0.0,10,25,6
0.0,10,25,7
0.0,10,25,8
0.0,10,25,9
0.0,10,25,10
0.0,10,25,11
0.0,10,25,12
4.0,10,25,13
58.0,10,25,14
119.0,10,25,15
324.0,10,25,16
625.0,10,25,17
750.0,10,25,18
114.0,10,25,19
28.0,10,25,20
23.0,10,25,21
36.0,10,25,22
16.0,10,25,23
0.0,10,26,0
0.0,10,26,1
0.0,10,26,2
0.0,10,26,3
0.0,10,26,4
0.0,10,26,5
0.0,10,26,6
0.0,10,26,7
0.0,10,26,8
0.0,10,26,9
0.0,10,26,10
0.0,10,26,11
0.0,10,26,12
5.0,10,26,13
64.0,10,26,14
192.0,10,26,15
272.0,10,26,16
455.0,10,26,17
660.0,10,26,18
257.0,10,26,19
164.0,10,26,20
74.0,10,26,21
52.0,10,26,22
10.0,10,26,23
0.0,10,27,0
0.0,10,27,1
0.0,10,27,2
0.0,10,27,3
0.0,10,27,4
0.0,10,27,5
0.0,10,27,6
0.0,10,27,7
0.0,10,27,8
0.0,10,27,9
0.0,10,27,10
0.0,10,27,11
0.0,10,27,12
6.0,10,27,13
61.0,10,27,14
419.0,10,27,15
612.0,10,27,16
824.0,10,27,17
838.0,10,27,18
316.0,10,27,19
752.0,10,27,20
575.0,10,27,21
220.0,10,27,22
20.0,10,27,23
0.0,10,28,0
0.0,10,28,1
0.0,10,28,2
0.0,10,28,3
0.0,10,28,4
0.0,10,28,5
0.0,10,28,6
0.0,10,28,7
0.0,10,28,8
0.0,10,28,9
0.0,10,28,10
0.0,10,28,11
0.0,10,28,12
12.0,10,28,13
167.0,10,28,14
448.0,10,28,15
408.0,10,28,16
765.0,10,28,17
362.0,10,28,18
305.0,10,28,19
277.0,10,28,20
264.0,10,28,21
87.0,10,28,22
22.0,10,28,23
0.0,10,29,0
0.0,10,29,1
0.0,10,29,2
0.0,10,29,3
0.0,10,29,4
0.0,10,29,5
0.0,10,29,6
0.0,10,29,7
0.0,10,29,8
0.0,10,29,9
0.0,10,29,10
0.0,10,29,11
0.0,10,29,12
43.0,10,29,13
92.0,10,29,14
468.0,10,29,15
648.0,10,29,16
805.0,10,29,17
868.0,10,29,18
835.0,10,29,19
755.0,10,29,20
104.0,10,29,21
102.0,10,29,22
15.0,10,29,23
0.0,10,30,0
0.0,10,30,1
0.0,10,30,2
0.0,10,30,3
0.0,10,30,4
0.0,10,30,5
0.0,10,30,6
0.0,10,30,7
0.0,10,30,8
0.0,10,30,9
0.0,10,30,10
0.0,10,30,11
0.0,10,30,12
17.0,10,30,13
101.0,10,30,14
156.0,10,30,15
537.0,10,30,16
433.0,10,30,17
570.0,10,30,18
449.0,10,30,19
630.0,10,30,20
594.0,10,30,21
167.0,10,30,22
45.0,10,30,23
0.0,10,31,0
0.0,10,31,1
0.0,10,31,2
0.0,10,31,3
0.0,10,31,4
0.0,10,31,5
0.0,10,31,6
0.0,10,31,7
0.0,10,31,8
0.0,10,31,9
0.0,10,31,10
0.0,10,31,11
0.0,10,31,12
15.0,10,31,13
81.0,10,31,14
124.0,10,31,15
412.0,10,31,16
788.0,10,31,17
303.0,10,31,18
1027.0,10,31,19
211.0,10,31,20
19.0,10,31,21
45.0,10,31,22
30.0,10,31,23
