15.1,3,1,0
11.5,3,1,1
8.7,3,1,2
7.5,3,1,3
6.6,3,1,4
6.3,3,1,5
5.1,3,1,6
4.1,3,1,7
3.9,3,1,8
3.4,3,1,9
3.4,3,1,10
3.3,3,1,11
3.3,3,1,12
2.9,3,1,13
4.9,3,1,14
12.2,3,1,15
13.4,3,1,16
14.4,3,1,17
15.4,3,1,18
16.1,3,1,19
17.3,3,1,20
17.7,3,1,21
18.4,3,1,22
17.2,3,1,23
16.0,3,2,0
12.8,3,2,1
10.0,3,2,2
9.2,3,2,3
8.7,3,2,4
7.5,3,2,5
7.1,3,2,6
6.2,3,2,7
4.7,3,2,8
4.4,3,2,9
3.6,3,2,10
3.5,3,2,11
3.0,3,2,12
1.9,3,2,13
4.7,3,2,14
12.8,3,2,15
14.5,3,2,16
15.8,3,2,17
15.2,3,2,18
16.6,3,2,19
17.7,3,2,20
17.5,3,2,21
17.7,3,2,22
17.6,3,2,23
16.5,3,3,0
12.2,3,3,1
9.0,3,3,2
7.7,3,3,3
7.3,3,3,4
5.9,3,3,5
5.2,3,3,6
4.2,3,3,7
3.6,3,3,8
3.2,3,3,9
2.2,3,3,10
1.7,3,3,11
1.4,3,3,12
1.0,3,3,13
3.9,3,3,14
12.5,3,3,15
13.4,3,3,16
14.1,3,3,17
15.1,3,3,18
16.3,3,3,19
16.7,3,3,20
17.3,3,3,21
17.6,3,3,22
16.9,3,3,23
16.1,3,4,0
12.4,3,4,1
9.9,3,4,2
8.2,3,4,3
7.5,3,4,4
6.9,3,4,5
6.4,3,4,6
5.7,3,4,7
5.1,3,4,8
5.1,3,4,9
4.6,3,4,10
4.0,3,4,11
3.5,3,4,12
3.1,3,4,13
6.3,3,4,14
14.2,3,4,15
14.6,3,4,16
15.6,3,4,17
16.9,3,4,18
16.8,3,4,19
18.3,3,4,20
18.1,3,4,21
18.3,3,4,22
17.9,3,4,23
16.5,3,5,0
13.2,3,5,1
10.5,3,5,2
9.3,3,5,3
8.9,3,5,4
8.1,3,5,5
7.2,3,5,6
10.5,3,5,7
9.6,3,5,8
9.2,3,5,9
9.4,3,5,10
8.8,3,5,11
9.1,3,5,12
9.0,3,5,13
11.2,3,5,14
14.4,3,5,15
16.4,3,5,16
17.6,3,5,17
19.7,3,5,18
19.0,3,5,19
20.0,3,5,20
19.9,3,5,21
20.2,3,5,22
19.3,3,5,23
18.1,3,6,0
15.3,3,6,1
13.9,3,6,2
12.2,3,6,3
10.3,3,6,4
8.9,3,6,5
8.4,3,6,6
7.7,3,6,7
7.0,3,6,8
6.1,3,6,9
5.4,3,6,10
4.7,3,6,11
4.0,3,6,12
3.4,3,6,13
4.9,3,6,14
11.2,3,6,15
12.6,3,6,16
12.7,3,6,17
14.3,3,6,18
14.7,3,6,19
15.3,3,6,20
15.2,3,6,21
16.3,3,6,22
16.0,3,6,23
14.9,3,7,0
12.6,3,7,1
11.2,3,7,2
9.8,3,7,3
8.1,3,7,4
7.9,3,7,5
7.1,3,7,6
6.2,3,7,7
5.0,3,7,8
4.8,3,7,9
4.7,3,7,10
4.4,3,7,11
3.6,3,7,12
3.8,3,7,13
6.4,3,7,14
11.8,3,7,15
14.4,3,7,16
13.5,3,7,17
15.1,3,7,18
15.4,3,7,19
15.5,3,7,20
15.6,3,7,21
15.8,3,7,22
15.1,3,7,23
13.6,3,8,0
12.4,3,8,1
11.1,3,8,2
10.1,3,8,3
8.4,3,8,4
7.2,3,8,5
7.2,3,8,6
8.0,3,8,7
6.9,3,8,8
5.8,3,8,9
5.2,3,8,10
5.3,3,8,11
4.9,3,8,12
3.9,3,8,13
6.8,3,8,14
10.9,3,8,15
12.2,3,8,16
12.4,3,8,17
13.6,3,8,18
14.7,3,8,19
15.6,3,8,20
15.4,3,8,21
15.4,3,8,22
15.4,3,8,23
14.1,3,9,0
11.2,3,9,1
8.9,3,9,2
7.0,3,9,3
6.2,3,9,4
5.3,3,9,5
4.9,3,9,6
4.4,3,9,7
3.8,3,9,8
3.2,3,9,9
2.6,3,9,10
2.0,3,9,11
2.1,3,9,12
1.3,3,9,13
4.7,3,9,14
11.3,3,9,15
13.3,3,9,16
13.5,3,9,17
14.0,3,9,18
15.6,3,9,19
16.2,3,9,20
16.1,3,9,21
16.3,3,9,22
16.0,3,9,23
14.4,3,10,0
12.7,3,10,1
11.1,3,10,2
8.3,3,10,3
6.4,3,10,4
5.7,3,10,5
6.0,3,10,6
5.9,3,10,7
5.9,3,10,8
5.9,3,10,9
6.1,3,10,10
5.1,3,10,11
3.7,3,10,12
2.8,3,10,13
5.7,3,10,14
10.3,3,10,15
10.5,3,10,16
11.9,3,10,17
12.2,3,10,18
13.1,3,10,19
12.8,3,10,20
12.8,3,10,21
12.6,3,10,22
13.1,3,10,23
14.4,3,11,0
10.5,3,11,1
6.8,3,11,2
6.4,3,11,3
6.2,3,11,4
6.6,3,11,5
5.9,3,11,6
5.8,3,11,7
6.1,3,11,8
5.8,3,11,9
5.4,3,11,10
5.9,3,11,11
5.3,3,11,12
3.9,3,11,13
4.9,3,11,14
9.1,3,11,15
10.4,3,11,16
8.8,3,11,17
8.8,3,11,18
9.8,3,11,19
8.4,3,11,20
9.5,3,11,21
11.8,3,11,22
10.7,3,11,23
9.4,3,12,0
5.5,3,12,1
5.1,3,12,2
4.4,3,12,3
4.7,3,12,4
3.5,3,12,5
3.7,3,12,6
4.3,3,12,7
4.5,3,12,8
3.5,3,12,9
3.5,3,12,10
3.2,3,12,11
3.6,3,12,12
3.7,3,12,13
4.2,3,12,14
4.5,3,12,15
6.3,3,12,16
8.8,3,12,17
9.4,3,12,18
7.7,3,12,19
7.9,3,12,20
8.4,3,12,21
8.8,3,12,22
8.3,3,12,23
8.0,3,13,0
7.4,3,13,1
7.1,3,13,2
6.7,3,13,3
6.8,3,13,4
5.2,3,13,5
6.1,3,13,6
5.5,3,13,7
5.2,3,13,8
5.5,3,13,9
4.3,3,13,10
4.7,3,13,11
4.2,3,13,12
4.0,3,13,13
6.2,3,13,14
8.4,3,13,15
10.6,3,13,16
10.5,3,13,17
10.5,3,13,18
13.3,3,13,19
14.5,3,13,20
11.3,3,13,21
10.5,3,13,22
11.7,3,13,23
10.7,3,14,0
9.2,3,14,1
8.5,3,14,2
8.2,3,14,3
7.4,3,14,4
6.5,3,14,5
6.4,3,14,6
6.5,3,14,7
6.3,3,14,8
6.8,3,14,9
6.6,3,14,10
6.5,3,14,11
6.6,3,14,12
6.6,3,14,13
6.5,3,14,14
6.5,3,14,15
6.5,3,14,16
7.1,3,14,17
7.6,3,14,18
8.4,3,14,19
10.0,3,14,20
10.9,3,14,21
10.7,3,14,22
10.8,3,14,23
10.3,3,15,0
10.1,3,15,1
9.3,3,15,2
8.3,3,15,3
8.2,3,15,4
7.8,3,15,5
6.9,3,15,6
7.5,3,15,7
8.0,3,15,8
7.8,3,15,9
6.9,3,15,10
6.5,3,15,11
7.6,3,15,12
7.7,3,15,13
7.9,3,15,14
7.9,3,15,15
7.9,3,15,16
7.8,3,15,17
7.9,3,15,18
8.3,3,15,19
8.5,3,15,20
8.6,3,15,21
7.4,3,15,22
9.0,3,15,23
8.1,3,16,0
7.6,3,16,1
7.6,3,16,2
7.1,3,16,3
6.2,3,16,4
6.2,3,16,5
6.3,3,16,6
6.9,3,16,7
7.1,3,16,8
7.2,3,16,9
7.1,3,16,10
6.9,3,16,11
6.8,3,16,12
6.7,3,16,13
7.0,3,16,14
7.6,3,16,15
8.8,3,16,16
11.4,3,16,17
11.8,3,16,18
14.2,3,16,19
14.8,3,16,20
15.8,3,16,21
13.8,3,16,22
13.5,3,16,23
12.9,3,17,0
11.6,3,17,1
11.2,3,17,2
11.0,3,17,3
9.4,3,17,4
9.4,3,17,5
9.3,3,17,6
9.3,3,17,7
9.1,3,17,8
8.6,3,17,9
8.4,3,17,10
8.1,3,17,11
8.0,3,17,12
7.8,3,17,13
9.0,3,17,14
9.9,3,17,15
10.1,3,17,16
11.6,3,17,17
13.2,3,17,18
13.7,3,17,19
14.5,3,17,20
15.7,3,17,21
15.2,3,17,22
15.3,3,17,23
13.3,3,18,0
11.4,3,18,1
9.6,3,18,2
8.8,3,18,3
8.4,3,18,4
7.3,3,18,5
7.6,3,18,6
8.0,3,18,7
8.1,3,18,8
7.3,3,18,9
6.1,3,18,10
6.3,3,18,11
6.3,3,18,12
5.4,3,18,13
9.0,3,18,14
12.5,3,18,15
13.1,3,18,16
13.4,3,18,17
14.0,3,18,18
14.5,3,18,19
14.5,3,18,20
16.6,3,18,21
15.7,3,18,22
16.4,3,18,23
14.1,3,19,0
13.3,3,19,1
11.1,3,19,2
10.0,3,19,3
10.1,3,19,4
9.7,3,19,5
9.9,3,19,6
10.3,3,19,7
10.0,3,19,8
9.0,3,19,9
8.9,3,19,10
8.2,3,19,11
8.8,3,19,12
8.9,3,19,13
9.7,3,19,14
14.0,3,19,15
14.7,3,19,16
14.7,3,19,17
15.2,3,19,18
16.2,3,19,19
16.4,3,19,20
16.9,3,19,21
16.8,3,19,22
17.2,3,19,23
14.7,3,20,0
13.8,3,20,1
11.7,3,20,2
9.9,3,20,3
10.2,3,20,4
10.0,3,20,5
9.6,3,20,6
9.8,3,20,7
8.7,3,20,8
8.2,3,20,9
8.5,3,20,10
7.5,3,20,11
7.0,3,20,12
6.4,3,20,13
9.5,3,20,14
14.8,3,20,15
14.7,3,20,16
13.6,3,20,17
14.4,3,20,18
13.7,3,20,19
17.1,3,20,20
16.0,3,20,21
16.1,3,20,22
17.6,3,20,23
14.7,3,21,0
12.5,3,21,1
10.8,3,21,2
9.8,3,21,3
9.7,3,21,4
9.4,3,21,5
9.1,3,21,6
9.4,3,21,7
8.4,3,21,8
8.7,3,21,9
8.9,3,21,10
9.0,3,21,11
9.2,3,21,12
7.7,3,21,13
10.3,3,21,14
13.4,3,21,15
12.9,3,21,16
13.0,3,21,17
12.8,3,21,18
13.1,3,21,19
14.0,3,21,20
14.0,3,21,21
14.7,3,21,22
-99.0,3,21,23
15.6,3,22,0
12.2,3,22,1
12.0,3,22,2
11.0,3,22,3
9.2,3,22,4
8.4,3,22,5
7.7,3,22,6
7.3,3,22,7
6.9,3,22,8
6.0,3,22,9
6.0,3,22,10
6.0,3,22,11
5.4,3,22,12
5.4,3,22,13
8.4,3,22,14
14.4,3,22,15
13.9,3,22,16
15.7,3,22,17
16.0,3,22,18
16.0,3,22,19
16.9,3,22,20
17.2,3,22,21
16.9,3,22,22
16.6,3,22,23
15.3,3,23,0
13.8,3,23,1
9.9,3,23,2
9.6,3,23,3
9.2,3,23,4
9.1,3,23,5
9.3,3,23,6
8.5,3,23,7
9.0,3,23,8
7.8,3,23,9
7.7,3,23,10
7.9,3,23,11
8.4,3,23,12
7.9,3,23,13
9.8,3,23,14
14.6,3,23,15
14.4,3,23,16
13.8,3,23,17
15.1,3,23,18
15.7,3,23,19
15.9,3,23,20
14.1,3,23,21
11.5,3,23,22
11.5,3,23,23
15.5,3,24,0
12.3,3,24,1
10.7,3,24,2
11.1,3,24,3
9.8,3,24,4
9.4,3,24,5
8.8,3,24,6
8.2,3,24,7
7.6,3,24,8
7.5,3,24,9
7.0,3,24,10
6.1,3,24,11
5.5,3,24,12
5.8,3,24,13
6.6,3,24,14
13.4,3,24,15
13.8,3,24,16
15.4,3,24,17
15.7,3,24,18
13.9,3,24,19
14.4,3,24,20
13.7,3,24,21
13.0,3,24,22
13.8,3,24,23
15.2,3,25,0
12.8,3,25,1
9.9,3,25,2
9.2,3,25,3
9.2,3,25,4
9.4,3,25,5
8.5,3,25,6
8.2,3,25,7
8.7,3,25,8
8.4,3,25,9
7.2,3,25,10
7.1,3,25,11
7.6,3,25,12
7.0,3,25,13
9.7,3,25,14
14.8,3,25,15
15.7,3,25,16
15.7,3,25,17
14.8,3,25,18
14.9,3,25,19
13.9,3,25,20
14.6,3,25,21
13.5,3,25,22
13.2,3,25,23
15.2,3,26,0
11.3,3,26,1
8.5,3,26,2
7.5,3,26,3
7.2,3,26,4
6.1,3,26,5
5.6,3,26,6
5.0,3,26,7
4.2,3,26,8
4.5,3,26,9
4.1,3,26,10
4.1,3,26,11
3.7,3,26,12
3.7,3,26,13
7.1,3,26,14
13.3,3,26,15
14.2,3,26,16
14.0,3,26,17
14.2,3,26,18
14.6,3,26,19
15.9,3,26,20
16.3,3,26,21
16.3,3,26,22
15.8,3,26,23
13.8,3,27,0
12.6,3,27,1
11.4,3,27,2
9.4,3,27,3
8.5,3,27,4
7.8,3,27,5
8.2,3,27,6
6.8,3,27,7
6.0,3,27,8
5.7,3,27,9
5.2,3,27,10
4.7,3,27,11
3.8,3,27,12
4.8,3,27,13
8.6,3,27,14
13.2,3,27,15
14.2,3,27,16
13.7,3,27,17
14.5,3,27,18
13.7,3,27,19
15.0,3,27,20
9.0,3,27,21
15.2,3,27,22
14.7,3,27,23
14.5,3,28,0
11.4,3,28,1
10.4,3,28,2
10.5,3,28,3
8.7,3,28,4
7.6,3,28,5
7.6,3,28,6
7.6,3,28,7
7.8,3,28,8
7.8,3,28,9
7.3,3,28,10
6.3,3,28,11
6.1,3,28,12
5.7,3,28,13
7.7,3,28,14
10.7,3,28,15
12.4,3,28,16
12.3,3,28,17
13.0,3,28,18
13.1,3,28,19
13.2,3,28,20
12.4,3,28,21
14.9,3,28,22
15.7,3,28,23
14.0,3,29,0
8.5,3,29,1
7.5,3,29,2
7.6,3,29,3
7.5,3,29,4
7.8,3,29,5
7.7,3,29,6
6.9,3,29,7
6.9,3,29,8
7.0,3,29,9
6.7,3,29,10
6.4,3,29,11
7.1,3,29,12
7.3,3,29,13
7.6,3,29,14
13.0,3,29,15
11.5,3,29,16
12.2,3,29,17
12.8,3,29,18
12.6,3,29,19
14.4,3,29,20
12.1,3,29,21
12.2,3,29,22
12.4,3,29,23
12.8,3,30,0
11.3,3,30,1
9.1,3,30,2
9.1,3,30,3
7.5,3,30,4
7.8,3,30,5
7.1,3,30,6
6.8,3,30,7
5.9,3,30,8
5.3,3,30,9
4.4,3,30,10
4.3,3,30,11
3.4,3,30,12
3.9,3,30,13
7.8,3,30,14
14.1,3,30,15
13.8,3,30,16
14.5,3,30,17
15.1,3,30,18
16.1,3,30,19
16.4,3,30,20
16.4,3,30,21
17.1,3,30,22
16.4,3,30,23
12.7,3,31,0
11.4,3,31,1
9.2,3,31,2
8.3,3,31,3
8.1,3,31,4
7.5,3,31,5
6.6,3,31,6
5.9,3,31,7
4.6,3,31,8
4.2,3,31,9
3.9,3,31,10
3.5,3,31,11
3.7,3,31,12
4.0,3,31,13
8.4,3,31,14
14.3,3,31,15
14.2,3,31,16
14.8,3,31,17
15.9,3,31,18
16.9,3,31,19
18.1,3,31,20
17.3,3,31,21
17.9,3,31,22
17.9,3,31,23
