11.3,6,1,0
9.8,6,1,1
9.5,6,1,2
9.5,6,1,3
9.4,6,1,4
9.4,6,1,5
8.7,6,1,6
8.6,6,1,7
8.5,6,1,8
8.3,6,1,9
8.0,6,1,10
8.8,6,1,11
8.2,6,1,12
8.9,6,1,13
11.4,6,1,14
15.1,6,1,15
12.5,6,1,16
14.2,6,1,17
13.2,6,1,18
12.2,6,1,19
12.5,6,1,20
12.4,6,1,21
12.5,6,1,22
12.5,6,1,23
10.1,6,2,0
11.8,6,2,1
11.4,6,2,2
11.2,6,2,3
11.4,6,2,4
9.6,6,2,5
9.5,6,2,6
9.0,6,2,7
9.3,6,2,8
9.5,6,2,9
8.8,6,2,10
8.3,6,2,11
8.5,6,2,12
9.1,6,2,13
12.6,6,2,14
14.7,6,2,15
14.0,6,2,16
13.5,6,2,17
15.3,6,2,18
13.6,6,2,19
14.3,6,2,20
12.7,6,2,21
12.8,6,2,22
12.7,6,2,23
11.9,6,3,0
11.9,6,3,1
11.7,6,3,2
11.0,6,3,3
9.6,6,3,4
10.1,6,3,5
9.5,6,3,6
9.1,6,3,7
8.9,6,3,8
9.0,6,3,9
9.0,6,3,10
9.0,6,3,11
8.8,6,3,12
9.0,6,3,13
10.8,6,3,14
13.9,6,3,15
12.5,6,3,16
13.2,6,3,17
12.8,6,3,18
12.3,6,3,19
13.9,6,3,20
12.4,6,3,21
11.4,6,3,22
11.9,6,3,23
11.6,6,4,0
11.4,6,4,1
10.8,6,4,2
10.5,6,4,3
10.7,6,4,4
10.1,6,4,5
9.6,6,4,6
9.4,6,4,7
9.3,6,4,8
9.1,6,4,9
9.0,6,4,10
9.1,6,4,11
8.3,6,4,12
8.7,6,4,13
13.9,6,4,14
16.3,6,4,15
15.3,6,4,16
15.4,6,4,17
14.0,6,4,18
14.8,6,4,19
13.4,6,4,20
14.1,6,4,21
12.5,6,4,22
13.2,6,4,23
12.0,6,5,0
12.3,6,5,1
11.8,6,5,2
11.0,6,5,3
11.1,6,5,4
10.7,6,5,5
9.7,6,5,6
8.7,6,5,7
8.4,6,5,8
9.0,6,5,9
9.4,6,5,10
9.6,6,5,11
9.7,6,5,12
10.0,6,5,13
10.6,6,5,14
13.3,6,5,15
13.4,6,5,16
12.9,6,5,17
13.2,6,5,18
14.1,6,5,19
14.8,6,5,20
15.0,6,5,21
14.5,6,5,22
13.8,6,5,23
12.9,6,6,0
12.6,6,6,1
12.4,6,6,2
12.0,6,6,3
11.9,6,6,4
11.6,6,6,5
11.5,6,6,6
11.4,6,6,7
11.4,6,6,8
11.2,6,6,9
11.1,6,6,10
10.9,6,6,11
10.9,6,6,12
11.3,6,6,13
12.4,6,6,14
14.5,6,6,15
15.4,6,6,16
13.8,6,6,17
12.9,6,6,18
12.3,6,6,19
12.9,6,6,20
14.6,6,6,21
14.6,6,6,22
14.0,6,6,23
13.3,6,7,0
12.9,6,7,1
12.3,6,7,2
11.9,6,7,3
11.5,6,7,4
11.1,6,7,5
11.2,6,7,6
10.9,6,7,7
10.6,6,7,8
10.5,6,7,9
10.8,6,7,10
10.8,6,7,11
10.9,6,7,12
11.2,6,7,13
12.0,6,7,14
13.0,6,7,15
13.1,6,7,16
13.4,6,7,17
14.5,6,7,18
15.0,6,7,19
15.4,6,7,20
14.6,6,7,21
14.6,6,7,22
14.3,6,7,23
13.6,6,8,0
13.6,6,8,1
12.8,6,8,2
11.7,6,8,3
10.4,6,8,4
8.9,6,8,5
8.5,6,8,6
7.8,6,8,7
6.7,6,8,8
5.7,6,8,9
5.0,6,8,10
4.8,6,8,11
4.6,6,8,12
6.8,6,8,13
13.6,6,8,14
14.2,6,8,15
14.2,6,8,16
14.9,6,8,17
15.6,6,8,18
16.5,6,8,19
15.4,6,8,20
16.4,6,8,21
15.4,6,8,22
16.2,6,8,23
14.2,6,9,0
13.9,6,9,1
12.9,6,9,2
11.2,6,9,3
12.0,6,9,4
11.7,6,9,5
10.6,6,9,6
9.8,6,9,7
9.0,6,9,8
7.7,6,9,9
6.6,6,9,10
6.1,6,9,11
5.4,6,9,12
6.7,6,9,13
12.9,6,9,14
15.2,6,9,15
14.6,6,9,16
13.6,6,9,17
16.0,6,9,18
16.1,6,9,19
16.3,6,9,20
16.5,6,9,21
16.8,6,9,22
16.2,6,9,23
15.4,6,10,0
13.7,6,10,1
12.3,6,10,2
10.9,6,10,3
10.3,6,10,4
9.1,6,10,5
10.4,6,10,6
10.2,6,10,7
9.2,6,10,8
9.1,6,10,9
8.3,6,10,10
7.6,6,10,11
6.5,6,10,12
7.6,6,10,13
14.4,6,10,14
15.9,6,10,15
16.0,6,10,16
15.9,6,10,17
15.8,6,10,18
17.5,6,10,19
17.3,6,10,20
18.5,6,10,21
18.4,6,10,22
18.2,6,10,23
14.8,6,11,0
14.8,6,11,1
13.2,6,11,2
12.8,6,11,3
13.4,6,11,4
13.7,6,11,5
12.6,6,11,6
12.6,6,11,7
12.5,6,11,8
12.4,6,11,9
12.3,6,11,10
12.1,6,11,11
11.5,6,11,12
12.6,6,11,13
15.5,6,11,14
14.7,6,11,15
15.1,6,11,16
14.5,6,11,17
15.0,6,11,18
15.0,6,11,19
15.5,6,11,20
14.3,6,11,21
16.2,6,11,22
15.2,6,11,23
16.7,6,12,0
14.7,6,12,1
13.6,6,12,2
13.5,6,12,3
12.6,6,12,4
11.6,6,12,5
11.7,6,12,6
11.3,6,12,7
10.3,6,12,8
10.8,6,12,9
11.7,6,12,10
11.5,6,12,11
11.0,6,12,12
10.7,6,12,13
15.8,6,12,14
14.4,6,12,15
13.0,6,12,16
14.0,6,12,17
14.7,6,12,18
15.7,6,12,19
16.1,6,12,20
14.5,6,12,21
16.5,6,12,22
14.9,6,12,23
15.3,6,13,0
12.4,6,13,1
12.7,6,13,2
12.5,6,13,3
11.8,6,13,4
11.5,6,13,5
11.4,6,13,6
11.5,6,13,7
11.4,6,13,8
10.9,6,13,9
10.7,6,13,10
9.7,6,13,11
8.9,6,13,12
10.4,6,13,13
10.8,6,13,14
11.9,6,13,15
14.1,6,13,16
14.4,6,13,17
13.8,6,13,18
15.5,6,13,19
14.6,6,13,20
13.5,6,13,21
12.9,6,13,22
13.4,6,13,23
13.2,6,14,0
11.9,6,14,1
11.8,6,14,2
11.6,6,14,3
11.2,6,14,4
11.2,6,14,5
11.1,6,14,6
11.0,6,14,7
10.8,6,14,8
10.8,6,14,9
10.2,6,14,10
10.2,6,14,11
10.1,6,14,12
10.6,6,14,13
11.3,6,14,14
10.8,6,14,15
10.8,6,14,16
10.9,6,14,17
11.3,6,14,18
12.5,6,14,19
11.6,6,14,20
11.5,6,14,21
13.4,6,14,22
11.9,6,14,23
12.7,6,15,0
11.3,6,15,1
11.2,6,15,2
11.1,6,15,3
11.0,6,15,4
10.6,6,15,5
10.6,6,15,6
10.3,6,15,7
10.1,6,15,8
9.7,6,15,9
9.8,6,15,10
9.2,6,15,11
9.4,6,15,12
9.3,6,15,13
9.8,6,15,14
11.3,6,15,15
12.4,6,15,16
10.5,6,15,17
10.3,6,15,18
12.4,6,15,19
12.2,6,15,20
12.2,6,15,21
11.5,6,15,22
12.2,6,15,23
11.6,6,16,0
11.3,6,16,1
11.0,6,16,2
11.0,6,16,3
11.0,6,16,4
10.8,6,16,5
10.4,6,16,6
10.2,6,16,7
9.5,6,16,8
9.4,6,16,9
9.4,6,16,10
8.9,6,16,11
8.1,6,16,12
8.1,6,16,13
13.9,6,16,14
15.0,6,16,15
15.1,6,16,16
15.2,6,16,17
16.3,6,16,18
16.2,6,16,19
16.1,6,16,20
16.8,6,16,21
15.8,6,16,22
16.6,6,16,23
15.1,6,17,0
13.6,6,17,1
12.2,6,17,2
11.8,6,17,3
11.1,6,17,4
10.6,6,17,5
11.5,6,17,6
11.0,6,17,7
11.3,6,17,8
11.2,6,17,9
10.2,6,17,10
10.3,6,17,11
9.7,6,17,12
10.3,6,17,13
15.8,6,17,14
16.1,6,17,15
16.5,6,17,16
16.9,6,17,17
15.9,6,17,18
17.2,6,17,19
19.7,6,17,20
17.5,6,17,21
14.6,6,17,22
13.1,6,17,23
12.7,6,18,0
12.9,6,18,1
12.6,6,18,2
11.5,6,18,3
11.5,6,18,4
11.7,6,18,5
12.2,6,18,6
12.4,6,18,7
10.8,6,18,8
11.0,6,18,9
10.9,6,18,10
10.8,6,18,11
9.8,6,18,12
10.2,6,18,13
11.5,6,18,14
12.1,6,18,15
12.3,6,18,16
14.4,6,18,17
14.3,6,18,18
14.8,6,18,19
14.6,6,18,20
15.1,6,18,21
15.0,6,18,22
12.9,6,18,23
12.3,6,19,0
11.8,6,19,1
11.4,6,19,2
11.1,6,19,3
11.6,6,19,4
10.0,6,19,5
9.5,6,19,6
8.7,6,19,7
8.7,6,19,8
8.3,6,19,9
8.1,6,19,10
8.7,6,19,11
8.3,6,19,12
9.2,6,19,13
14.6,6,19,14
15.0,6,19,15
15.0,6,19,16
15.7,6,19,17
15.3,6,19,18
15.3,6,19,19
15.6,6,19,20
15.3,6,19,21
16.5,6,19,22
15.0,6,19,23
12.3,6,20,0
13.1,6,20,1
12.5,6,20,2
12.7,6,20,3
10.1,6,20,4
10.0,6,20,5
9.8,6,20,6
10.0,6,20,7
9.8,6,20,8
10.0,6,20,9
9.3,6,20,10
9.1,6,20,11
9.1,6,20,12
9.6,6,20,13
10.7,6,20,14
12.4,6,20,15
12.2,6,20,16
15.4,6,20,17
13.7,6,20,18
16.2,6,20,19
16.1,6,20,20
15.5,6,20,21
14.9,6,20,22
15.0,6,20,23
14.5,6,21,0
13.2,6,21,1
12.7,6,21,2
11.5,6,21,3
11.2,6,21,4
10.1,6,21,5
9.6,6,21,6
9.6,6,21,7
9.8,6,21,8
9.6,6,21,9
9.2,6,21,10
9.3,6,21,11
9.3,6,21,12
9.7,6,21,13
11.3,6,21,14
15.2,6,21,15
16.0,6,21,16
16.3,6,21,17
16.7,6,21,18
17.0,6,21,19
15.4,6,21,20
15.9,6,21,21
12.6,6,21,22
13.8,6,21,23
14.6,6,22,0
13.9,6,22,1
12.3,6,22,2
11.5,6,22,3
11.2,6,22,4
11.5,6,22,5
11.1,6,22,6
10.8,6,22,7
10.8,6,22,8
10.3,6,22,9
10.2,6,22,10
9.7,6,22,11
9.4,6,22,12
9.8,6,22,13
10.7,6,22,14
12.0,6,22,15
14.4,6,22,16
16.6,6,22,17
19.5,6,22,18
18.2,6,22,19
16.7,6,22,20
16.8,6,22,21
14.6,6,22,22
14.9,6,22,23
14.0,6,23,0
11.0,6,23,1
10.1,6,23,2
10.0,6,23,3
9.5,6,23,4
9.1,6,23,5
-99.0,6,23,6
9.2,6,23,7
9.4,6,23,8
9.3,6,23,9
9.2,6,23,10
9.1,6,23,11
8.8,6,23,12
8.8,6,23,13
9.8,6,23,14
14.9,6,23,15
14.9,6,23,16
15.7,6,23,17
16.4,6,23,18
16.5,6,23,19
16.6,6,23,20
16.3,6,23,21
16.3,6,23,22
14.6,6,23,23
13.5,6,24,0
13.5,6,24,1
13.1,6,24,2
13.2,6,24,3
12.1,6,24,4
10.6,6,24,5
9.9,6,24,6
8.8,6,24,7
8.9,6,24,8
8.5,6,24,9
8.2,6,24,10
8.2,6,24,11
7.0,6,24,12
8.2,6,24,13
11.8,6,24,14
14.0,6,24,15
14.4,6,24,16
14.1,6,24,17
14.0,6,24,18
14.8,6,24,19
15.5,6,24,20
13.6,6,24,21
14.4,6,24,22
11.9,6,24,23
13.5,6,25,0
11.6,6,25,1
10.9,6,25,2
10.9,6,25,3
10.7,6,25,4
10.4,6,25,5
10.1,6,25,6
10.0,6,25,7
9.8,6,25,8
9.9,6,25,9
9.2,6,25,10
8.5,6,25,11
8.2,6,25,12
7.9,6,25,13
12.8,6,25,14
15.2,6,25,15
14.8,6,25,16
14.8,6,25,17
14.8,6,25,18
14.5,6,25,19
14.8,6,25,20
14.2,6,25,21
15.0,6,25,22
15.4,6,25,23
15.2,6,26,0
13.9,6,26,1
12.5,6,26,2
12.5,6,26,3
12.3,6,26,4
12.5,6,26,5
11.7,6,26,6
11.0,6,26,7
10.2,6,26,8
8.9,6,26,9
9.0,6,26,10
9.3,6,26,11
8.9,6,26,12
9.7,6,26,13
13.2,6,26,14
14.8,6,26,15
14.9,6,26,16
16.5,6,26,17
13.4,6,26,18
15.5,6,26,19
18.2,6,26,20
16.3,6,26,21
14.7,6,26,22
13.9,6,26,23
7.0,6,27,0
8.7,6,27,1
8.6,6,27,2
8.8,6,27,3
8.4,6,27,4
8.1,6,27,5
8.1,6,27,6
7.8,6,27,7
7.9,6,27,8
7.5,6,27,9
7.2,6,27,10
7.8,6,27,11
7.5,6,27,12
8.4,6,27,13
9.6,6,27,14
11.7,6,27,15
14.1,6,27,16
15.1,6,27,17
15.0,6,27,18
15.1,6,27,19
12.6,6,27,20
12.4,6,27,21
13.3,6,27,22
14.6,6,27,23
13.9,6,28,0
13.5,6,28,1
12.6,6,28,2
12.0,6,28,3
11.4,6,28,4
11.7,6,28,5
10.6,6,28,6
10.4,6,28,7
10.4,6,28,8
10.4,6,28,9
10.3,6,28,10
10.4,6,28,11
10.1,6,28,12
9.9,6,28,13
10.4,6,28,14
11.6,6,28,15
15.7,6,28,16
15.2,6,28,17
14.5,6,28,18
13.7,6,28,19
15.1,6,28,20
14.3,6,28,21
14.6,6,28,22
14.0,6,28,23
13.8,6,29,0
12.7,6,29,1
11.6,6,29,2
10.7,6,29,3
10.5,6,29,4
10.3,6,29,5
10.2,6,29,6
10.1,6,29,7
10.1,6,29,8
9.6,6,29,9
9.6,6,29,10
9.3,6,29,11
9.3,6,29,12
9.7,6,29,13
12.5,6,29,14
13.2,6,29,15
13.1,6,29,16
14.4,6,29,17
14.4,6,29,18
15.2,6,29,19
14.1,6,29,20
13.5,6,29,21
14.2,6,29,22
14.3,6,29,23
13.4,6,30,0
12.6,6,30,1
12.0,6,30,2
11.8,6,30,3
10.9,6,30,4
10.7,6,30,5
10.3,6,30,6
10.3,6,30,7
10.4,6,30,8
10.5,6,30,9
9.7,6,30,10
9.5,6,30,11
9.4,6,30,12
9.6,6,30,13
9.9,6,30,14
11.6,6,30,15
12.5,6,30,16
14.3,6,30,17
15.1,6,30,18
13.8,6,30,19
12.7,6,30,20
14.5,6,30,21
12.6,6,30,22
12.3,6,30,23
