101.0,7,1,0
6.0,7,1,1
0.0,7,1,2
0.0,7,1,3
0.0,7,1,4
0.0,7,1,5
0.0,7,1,6
0.0,7,1,7
0.0,7,1,8
0.0,7,1,9
0.0,7,1,10
0.0,7,1,11
0.0,7,1,12
227.0,7,1,13
143.0,7,1,14
228.0,7,1,15
339.0,7,1,16
206.0,7,1,17
161.0,7,1,18
402.0,7,1,19
767.0,7,1,20
97.0,7,1,21
503.0,7,1,22
210.0,7,1,23
42.0,7,2,0
9.0,7,2,1
0.0,7,2,2
0.0,7,2,3
0.0,7,2,4
0.0,7,2,5
0.0,7,2,6
0.0,7,2,7
0.0,7,2,8
0.0,7,2,9
0.0,7,2,10
0.0,7,2,11
0.0,7,2,12
62.0,7,2,13
267.0,7,2,14
454.0,7,2,15
250.0,7,2,16
238.0,7,2,17
189.0,7,2,18
293.0,7,2,19
273.0,7,2,20
18.0,7,2,21
24.0,7,2,22
64.0,7,2,23
109.0,7,3,0
3.0,7,3,1
0.0,7,3,2
0.0,7,3,3
0.0,7,3,4
0.0,7,3,5
0.0,7,3,6
0.0,7,3,7
0.0,7,3,8
0.0,7,3,9
0.0,7,3,10
0.0,7,3,11
0.0,7,3,12
38.0,7,3,13
145.0,7,3,14
244.0,7,3,15
325.0,7,3,16
579.0,7,3,17
372.0,7,3,18
298.0,7,3,19
414.0,7,3,20
205.0,7,3,21
331.0,7,3,22
89.0,7,3,23
0.0,7,4,0
0.0,7,4,1
0.0,7,4,2
0.0,7,4,3
0.0,7,4,4
0.0,7,4,5
0.0,7,4,6
0.0,7,4,7
0.0,7,4,8
0.0,7,4,9
0.0,7,4,10
0.0,7,4,11
0.0,7,4,12
25.0,7,4,13
93.0,7,4,14
104.0,7,4,15
439.0,7,4,16
199.0,7,4,17
364.0,7,4,18
308.0,7,4,19
451.0,7,4,20
226.0,7,4,21
731.0,7,4,22
189.0,7,4,23
180.0,7,5,0
12.0,7,5,1
0.0,7,5,2
0.0,7,5,3
0.0,7,5,4
0.0,7,5,5
0.0,7,5,6
0.0,7,5,7
0.0,7,5,8
0.0,7,5,9
0.0,7,5,10
0.0,7,5,11
0.0,7,5,12
41.0,7,5,13
172.0,7,5,14
397.0,7,5,15
750.0,7,5,16
878.0,7,5,17
282.0,7,5,18
521.0,7,5,19
680.0,7,5,20
380.0,7,5,21
76.0,7,5,22
70.0,7,5,23
18.0,7,6,0
0.0,7,6,1
0.0,7,6,2
0.0,7,6,3
0.0,7,6,4
0.0,7,6,5
0.0,7,6,6
0.0,7,6,7
0.0,7,6,8
0.0,7,6,9
0.0,7,6,10
0.0,7,6,11
0.0,7,6,12
39.0,7,6,13
131.0,7,6,14
631.0,7,6,15
526.0,7,6,16
437.0,7,6,17
302.0,7,6,18
152.0,7,6,19
204.0,7,6,20
798.0,7,6,21
225.0,7,6,22
23.0,7,6,23
19.0,7,7,0
16.0,7,7,1
0.0,7,7,2
0.0,7,7,3
0.0,7,7,4
0.0,7,7,5
0.0,7,7,6
0.0,7,7,7
0.0,7,7,8
0.0,7,7,9
0.0,7,7,10
0.0,7,7,11
0.0,7,7,12
61.0,7,7,13
202.0,7,7,14
591.0,7,7,15
281.0,7,7,16
212.0,7,7,17
518.0,7,7,18
288.0,7,7,19
55.0,7,7,20
434.0,7,7,21
44.0,7,7,22
182.0,7,7,23
203.0,7,8,0
21.0,7,8,1
0.0,7,8,2
0.0,7,8,3
0.0,7,8,4
0.0,7,8,5
0.0,7,8,6
0.0,7,8,7
0.0,7,8,8
0.0,7,8,9
0.0,7,8,10
0.0,7,8,11
0.0,7,8,12
141.0,7,8,13
383.0,7,8,14
516.0,7,8,15
783.0,7,8,16
1131.0,7,8,17
654.0,7,8,18
510.0,7,8,19
402.0,7,8,20
95.0,7,8,21
883.0,7,8,22
177.0,7,8,23
35.0,7,9,0
6.0,7,9,1
0.0,7,9,2
0.0,7,9,3
0.0,7,9,4
0.0,7,9,5
0.0,7,9,6
0.0,7,9,7
0.0,7,9,8
0.0,7,9,9
0.0,7,9,10
0.0,7,9,11
0.0,7,9,12
103.0,7,9,13
285.0,7,9,14
522.0,7,9,15
326.0,7,9,16
498.0,7,9,17
680.0,7,9,18
1076.0,7,9,19
967.0,7,9,20
918.0,7,9,21
474.0,7,9,22
330.0,7,9,23
58.0,7,10,0
11.0,7,10,1
0.0,7,10,2
0.0,7,10,3
0.0,7,10,4
0.0,7,10,5
0.0,7,10,6
0.0,7,10,7
0.0,7,10,8
0.0,7,10,9
0.0,7,10,10
0.0,7,10,11
0.0,7,10,12
93.0,7,10,13
378.0,7,10,14
212.0,7,10,15
932.0,7,10,16
496.0,7,10,17
691.0,7,10,18
476.0,7,10,19
664.0,7,10,20
705.0,7,10,21
112.0,7,10,22
165.0,7,10,23
167.0,7,11,0
7.0,7,11,1
0.0,7,11,2
0.0,7,11,3
0.0,7,11,4
0.0,7,11,5
0.0,7,11,6
0.0,7,11,7
0.0,7,11,8
0.0,7,11,9
0.0,7,11,10
0.0,7,11,11
0.0,7,11,12
86.0,7,11,13
177.0,7,11,14
233.0,7,11,15
763.0,7,11,16
1089.0,7,11,17
225.0,7,11,18
1017.0,7,11,19
129.0,7,11,20
317.0,7,11,21
50.0,7,11,22
109.0,7,11,23
66.0,7,12,0
16.0,7,12,1
0.0,7,12,2
0.0,7,12,3
0.0,7,12,4
0.0,7,12,5
0.0,7,12,6
0.0,7,12,7
0.0,7,12,8
0.0,7,12,9
0.0,7,12,10
0.0,7,12,11
0.0,7,12,12
105.0,7,12,13
187.0,7,12,14
261.0,7,12,15
616.0,7,12,16
714.0,7,12,17
961.0,7,12,18
673.0,7,12,19
142.0,7,12,20
10.0,7,12,21
238.0,7,12,22
244.0,7,12,23
159.0,7,13,0
27.0,7,13,1
0.0,7,13,2
0.0,7,13,3
0.0,7,13,4
0.0,7,13,5
0.0,7,13,6
0.0,7,13,7
0.0,7,13,8
0.0,7,13,9
0.0,7,13,10
0.0,7,13,11
0.0,7,13,12
111.0,7,13,13
343.0,7,13,14
606.0,7,13,15
808.0,7,13,16
979.0,7,13,17
1070.0,7,13,18
1066.0,7,13,19
1001.0,7,13,20
476.0,7,13,21
700.0,7,13,22
273.0,7,13,23
213.0,7,14,0
27.0,7,14,1
0.0,7,14,2
0.0,7,14,3
0.0,7,14,4
0.0,7,14,5
0.0,7,14,6
0.0,7,14,7
0.0,7,14,8
0.0,7,14,9
0.0,7,14,10
0.0,7,14,11
1.0,7,14,12
134.0,7,14,13
351.0,7,14,14
579.0,7,14,15
513.0,7,14,16
659.0,7,14,17
433.0,7,14,18
465.0,7,14,19
236.0,7,14,20
505.0,7,14,21
73.0,7,14,22
55.0,7,14,23
38.0,7,15,0
9.0,7,15,1
0.0,7,15,2
0.0,7,15,3
0.0,7,15,4
0.0,7,15,5
0.0,7,15,6
0.0,7,15,7
0.0,7,15,8
0.0,7,15,9
0.0,7,15,10
0.0,7,15,11
0.0,7,15,12
106.0,7,15,13
346.0,7,15,14
655.0,7,15,15
907.0,7,15,16
1075.0,7,15,17
756.0,7,15,18
869.0,7,15,19
273.0,7,15,20
495.0,7,15,21
261.0,7,15,22
101.0,7,15,23
68.0,7,16,0
56.0,7,16,1
0.0,7,16,2
0.0,7,16,3
0.0,7,16,4
0.0,7,16,5
0.0,7,16,6
0.0,7,16,7
0.0,7,16,8
0.0,7,16,9
0.0,7,16,10
0.0,7,16,11
0.0,7,16,12
88.0,7,16,13
301.0,7,16,14
554.0,7,16,15
834.0,7,16,16
351.0,7,16,17
181.0,7,16,18
769.0,7,16,19
271.0,7,16,20
250.0,7,16,21
251.0,7,16,22
174.0,7,16,23
54.0,7,17,0
0.0,7,17,1
0.0,7,17,2
0.0,7,17,3
0.0,7,17,4
0.0,7,17,5
0.0,7,17,6
0.0,7,17,7
0.0,7,17,8
0.0,7,17,9
0.0,7,17,10
0.0,7,17,11
0.0,7,17,12
56.0,7,17,13
375.0,7,17,14
563.0,7,17,15
688.0,7,17,16
470.0,7,17,17
277.0,7,17,18
208.0,7,17,19
556.0,7,17,20
285.0,7,17,21
263.0,7,17,22
607.0,7,17,23
209.0,7,18,0
12.0,7,18,1
0.0,7,18,2
0.0,7,18,3
0.0,7,18,4
0.0,7,18,5
0.0,7,18,6
0.0,7,18,7
0.0,7,18,8
0.0,7,18,9
0.0,7,18,10
0.0,7,18,11
0.0,7,18,12
36.0,7,18,13
261.0,7,18,14
357.0,7,18,15
164.0,7,18,16
210.0,7,18,17
271.0,7,18,18
121.0,7,18,19
247.0,7,18,20
412.0,7,18,21
548.0,7,18,22
25.0,7,18,23
22.0,7,19,0
0.0,7,19,1
0.0,7,19,2
0.0,7,19,3
0.0,7,19,4
0.0,7,19,5
0.0,7,19,6
0.0,7,19,7
0.0,7,19,8
0.0,7,19,9
0.0,7,19,10
0.0,7,19,11
0.0,7,19,12
56.0,7,19,13
83.0,7,19,14
270.0,7,19,15
891.0,7,19,16
597.0,7,19,17
663.0,7,19,18
112.0,7,19,19
121.0,7,19,20
105.0,7,19,21
90.0,7,19,22
261.0,7,19,23
31.0,7,20,0
0.0,7,20,1
0.0,7,20,2
0.0,7,20,3
0.0,7,20,4
0.0,7,20,5
0.0,7,20,6
0.0,7,20,7
0.0,7,20,8
0.0,7,20,9
0.0,7,20,10
0.0,7,20,11
0.0,7,20,12
101.0,7,20,13
346.0,7,20,14
355.0,7,20,15
241.0,7,20,16
1181.0,7,20,17
942.0,7,20,18
401.0,7,20,19
150.0,7,20,20
438.0,7,20,21
31.0,7,20,22
56.0,7,20,23
91.0,7,21,0
13.0,7,21,1
0.0,7,21,2
0.0,7,21,3
0.0,7,21,4
0.0,7,21,5
0.0,7,21,6
0.0,7,21,7
0.0,7,21,8
0.0,7,21,9
0.0,7,21,10
0.0,7,21,11
0.0,7,21,12
27.0,7,21,13
87.0,7,21,14
178.0,7,21,15
184.0,7,21,16
1009.0,7,21,17
490.0,7,21,18
514.0,7,21,19
341.0,7,21,20
279.0,7,21,21
560.0,7,21,22
301.0,7,21,23
40.0,7,22,0
0.0,7,22,1
0.0,7,22,2
0.0,7,22,3
0.0,7,22,4
0.0,7,22,5
0.0,7,22,6
0.0,7,22,7
0.0,7,22,8
0.0,7,22,9
0.0,7,22,10
0.0,7,22,11
0.0,7,22,12
49.0,7,22,13
413.0,7,22,14
408.0,7,22,15
755.0,7,22,16
818.0,7,22,17
1124.0,7,22,18
747.0,7,22,19
631.0,7,22,20
373.0,7,22,21
273.0,7,22,22
398.0,7,22,23
306.0,7,23,0
6.0,7,23,1
0.0,7,23,2
0.0,7,23,3
0.0,7,23,4
0.0,7,23,5
0.0,7,23,6
0.0,7,23,7
0.0,7,23,8
0.0,7,23,9
0.0,7,23,10
0.0,7,23,11
0.0,7,23,12
97.0,7,23,13
146.0,7,23,14
188.0,7,23,15
172.0,7,23,16
559.0,7,23,17
593.0,7,23,18
576.0,7,23,19
168.0,7,23,20
975.0,7,23,21
455.0,7,23,22
112.0,7,23,23
18.0,7,24,0
0.0,7,24,1
0.0,7,24,2
0.0,7,24,3
0.0,7,24,4
0.0,7,24,5
0.0,7,24,6
0.0,7,24,7
0.0,7,24,8
0.0,7,24,9
0.0,7,24,10
0.0,7,24,11
0.0,7,24,12
49.0,7,24,13
364.0,7,24,14
595.0,7,24,15
806.0,7,24,16
972.0,7,24,17
1079.0,7,24,18
1141.0,7,24,19
627.0,7,24,20
89.0,7,24,21
515.0,7,24,22
446.0,7,24,23
65.0,7,25,0
0.0,7,25,1
0.0,7,25,2
0.0,7,25,3
0.0,7,25,4
0.0,7,25,5
0.0,7,25,6
0.0,7,25,7
0.0,7,25,8
0.0,7,25,9
0.0,7,25,10
0.0,7,25,11
0.0,7,25,12
104.0,7,25,13
338.0,7,25,14
584.0,7,25,15
746.0,7,25,16
963.0,7,25,17
1069.0,7,25,18
1109.0,7,25,19
217.0,7,25,20
503.0,7,25,21
450.0,7,25,22
401.0,7,25,23
151.0,7,26,0
18.0,7,26,1
0.0,7,26,2
0.0,7,26,3
0.0,7,26,4
0.0,7,26,5
0.0,7,26,6
0.0,7,26,7
0.0,7,26,8
0.0,7,26,9
0.0,7,26,10
0.0,7,26,11
0.0,7,26,12
99.0,7,26,13
344.0,7,26,14
587.0,7,26,15
808.0,7,26,16
969.0,7,26,17
1074.0,7,26,18
1107.0,7,26,19
1048.0,7,26,20
926.0,7,26,21
717.0,7,26,22
492.0,7,26,23
227.0,7,27,0
12.0,7,27,1
0.0,7,27,2
0.0,7,27,3
0.0,7,27,4
0.0,7,27,5
0.0,7,27,6
0.0,7,27,7
0.0,7,27,8
0.0,7,27,9
0.0,7,27,10
0.0,7,27,11
0.0,7,27,12
114.0,7,27,13
341.0,7,27,14
503.0,7,27,15
628.0,7,27,16
920.0,7,27,17
1059.0,7,27,18
1072.0,7,27,19
1030.0,7,27,20
922.0,7,27,21
724.0,7,27,22
340.0,7,27,23
177.0,7,28,0
13.0,7,28,1
0.0,7,28,2
0.0,7,28,3
0.0,7,28,4
0.0,7,28,5
0.0,7,28,6
0.0,7,28,7
0.0,7,28,8
0.0,7,28,9
0.0,7,28,10
0.0,7,28,11
0.0,7,28,12
118.0,7,28,13
347.0,7,28,14
585.0,7,28,15
801.0,7,28,16
959.0,7,28,17
1058.0,7,28,18
1086.0,7,28,19
1029.0,7,28,20
905.0,7,28,21
712.0,7,28,22
477.0,7,28,23
235.0,7,29,0
15.0,7,29,1
0.0,7,29,2
0.0,7,29,3
0.0,7,29,4
0.0,7,29,5
0.0,7,29,6
0.0,7,29,7
0.0,7,29,8
0.0,7,29,9
0.0,7,29,10
0.0,7,29,11
0.0,7,29,12
31.0,7,29,13
339.0,7,29,14
601.0,7,29,15
827.0,7,29,16
864.0,7,29,17
997.0,7,29,18
974.0,7,29,19
1047.0,7,29,20
721.0,7,29,21
713.0,7,29,22
480.0,7,29,23
218.0,7,30,0
11.0,7,30,1
0.0,7,30,2
0.0,7,30,3
0.0,7,30,4
0.0,7,30,5
0.0,7,30,6
0.0,7,30,7
0.0,7,30,8
0.0,7,30,9
0.0,7,30,10
0.0,7,30,11
0.0,7,30,12
93.0,7,30,13
299.0,7,30,14
603.0,7,30,15
808.0,7,30,16
862.0,7,30,17
946.0,7,30,18
684.0,7,30,19
989.0,7,30,20
666.0,7,30,21
271.0,7,30,22
348.0,7,30,23
39.0,7,31,0
10.0,7,31,1
0.0,7,31,2
0.0,7,31,3
0.0,7,31,4
0.0,7,31,5
0.0,7,31,6
0.0,7,31,7
0.0,7,31,8
0.0,7,31,9
0.0,7,31,10
0.0,7,31,11
0.0,7,31,12
88.0,7,31,13
354.0,7,31,14
590.0,7,31,15
853.0,7,31,16
960.0,7,31,17
703.0,7,31,18
582.0,7,31,19
940.0,7,31,20
858.0,7,31,21
676.0,7,31,22
475.0,7,31,23
