73.0,2,1,0
0.0,2,1,1
0.0,2,1,2
0.0,2,1,3
0.0,2,1,4
0.0,2,1,5
0.0,2,1,6
0.0,2,1,7
0.0,2,1,8
0.0,2,1,9
0.0,2,1,10
0.0,2,1,11
0.0,2,1,12
0.0,2,1,13
111.0,2,1,14
326.0,2,1,15
542.0,2,1,16
712.0,2,1,17
813.0,2,1,18
534.0,2,1,19
458.0,2,1,20
621.0,2,1,21
237.0,2,1,22
79.0,2,1,23
87.0,2,2,0
0.0,2,2,1
0.0,2,2,2
0.0,2,2,3
0.0,2,2,4
0.0,2,2,5
0.0,2,2,6
0.0,2,2,7
0.0,2,2,8
0.0,2,2,9
0.0,2,2,10
0.0,2,2,11
0.0,2,2,12
0.0,2,2,13
106.0,2,2,14
309.0,2,2,15
427.0,2,2,16
693.0,2,2,17
425.0,2,2,18
425.0,2,2,19
533.0,2,2,20
328.0,2,2,21
179.0,2,2,22
29.0,2,2,23
7.0,2,3,0
0.0,2,3,1
0.0,2,3,2
0.0,2,3,3
0.0,2,3,4
0.0,2,3,5
0.0,2,3,6
0.0,2,3,7
0.0,2,3,8
0.0,2,3,9
0.0,2,3,10
0.0,2,3,11
0.0,2,3,12
0.0,2,3,13
107.0,2,3,14
329.0,2,3,15
287.0,2,3,16
540.0,2,3,17
416.0,2,3,18
234.0,2,3,19
257.0,2,3,20
219.0,2,3,21
155.0,2,3,22
37.0,2,3,23
38.0,2,4,0
0.0,2,4,1
0.0,2,4,2
0.0,2,4,3
0.0,2,4,4
0.0,2,4,5
0.0,2,4,6
0.0,2,4,7
0.0,2,4,8
0.0,2,4,9
0.0,2,4,10
0.0,2,4,11
0.0,2,4,12
0.0,2,4,13
101.0,2,4,14
299.0,2,4,15
501.0,2,4,16
706.0,2,4,17
832.0,2,4,18
369.0,2,4,19
820.0,2,4,20
283.0,2,4,21
549.0,2,4,22
164.0,2,4,23
57.0,2,5,0
0.0,2,5,1
0.0,2,5,2
0.0,2,5,3
0.0,2,5,4
0.0,2,5,5
0.0,2,5,6
0.0,2,5,7
0.0,2,5,8
0.0,2,5,9
0.0,2,5,10
0.0,2,5,11
0.0,2,5,12
0.0,2,5,13
98.0,2,5,14
280.0,2,5,15
495.0,2,5,16
733.0,2,5,17
849.0,2,5,18
543.0,2,5,19
797.0,2,5,20
671.0,2,5,21
500.0,2,5,22
319.0,2,5,23
43.0,2,6,0
0.0,2,6,1
0.0,2,6,2
0.0,2,6,3
0.0,2,6,4
0.0,2,6,5
0.0,2,6,6
0.0,2,6,7
0.0,2,6,8
0.0,2,6,9
0.0,2,6,10
0.0,2,6,11
0.0,2,6,12
0.0,2,6,13
85.0,2,6,14
300.0,2,6,15
500.0,2,6,16
610.0,2,6,17
801.0,2,6,18
554.0,2,6,19
709.0,2,6,20
634.0,2,6,21
473.0,2,6,22
304.0,2,6,23
69.0,2,7,0
0.0,2,7,1
0.0,2,7,2
0.0,2,7,3
0.0,2,7,4
0.0,2,7,5
0.0,2,7,6
0.0,2,7,7
0.0,2,7,8
0.0,2,7,9
0.0,2,7,10
0.0,2,7,11
0.0,2,7,12
0.0,2,7,13
57.0,2,7,14
324.0,2,7,15
543.0,2,7,16
752.0,2,7,17
874.0,2,7,18
630.0,2,7,19
797.0,2,7,20
655.0,2,7,21
475.0,2,7,22
287.0,2,7,23
79.0,2,8,0
0.0,2,8,1
0.0,2,8,2
0.0,2,8,3
0.0,2,8,4
0.0,2,8,5
0.0,2,8,6
0.0,2,8,7
0.0,2,8,8
0.0,2,8,9
0.0,2,8,10
0.0,2,8,11
0.0,2,8,12
0.0,2,8,13
102.0,2,8,14
308.0,2,8,15
531.0,2,8,16
742.0,2,8,17
860.0,2,8,18
632.0,2,8,19
772.0,2,8,20
664.0,2,8,21
491.0,2,8,22
300.0,2,8,23
80.0,2,9,0
0.0,2,9,1
0.0,2,9,2
0.0,2,9,3
0.0,2,9,4
0.0,2,9,5
0.0,2,9,6
0.0,2,9,7
0.0,2,9,8
0.0,2,9,9
0.0,2,9,10
0.0,2,9,11
0.0,2,9,12
0.0,2,9,13
110.0,2,9,14
317.0,2,9,15
553.0,2,9,16
754.0,2,9,17
882.0,2,9,18
658.0,2,9,19
834.0,2,9,20
720.0,2,9,21
529.0,2,9,22
323.0,2,9,23
89.0,2,10,0
0.0,2,10,1
0.0,2,10,2
0.0,2,10,3
0.0,2,10,4
0.0,2,10,5
0.0,2,10,6
0.0,2,10,7
0.0,2,10,8
0.0,2,10,9
0.0,2,10,10
0.0,2,10,11
0.0,2,10,12
0.0,2,10,13
104.0,2,10,14
302.0,2,10,15
505.0,2,10,16
710.0,2,10,17
850.0,2,10,18
648.0,2,10,19
750.0,2,10,20
655.0,2,10,21
477.0,2,10,22
273.0,2,10,23
10.0,2,11,0
0.0,2,11,1
0.0,2,11,2
0.0,2,11,3
0.0,2,11,4
0.0,2,11,5
0.0,2,11,6
0.0,2,11,7
0.0,2,11,8
0.0,2,11,9
0.0,2,11,10
0.0,2,11,11
0.0,2,11,12
0.0,2,11,13
89.0,2,11,14
279.0,2,11,15
494.0,2,11,16
647.0,2,11,17
778.0,2,11,18
506.0,2,11,19
778.0,2,11,20
318.0,2,11,21
16.0,2,11,22
4.0,2,11,23
7.0,2,12,0
0.0,2,12,1
0.0,2,12,2
0.0,2,12,3
0.0,2,12,4
0.0,2,12,5
0.0,2,12,6
0.0,2,12,7
0.0,2,12,8
0.0,2,12,9
0.0,2,12,10
0.0,2,12,11
0.0,2,12,12
0.0,2,12,13
87.0,2,12,14
137.0,2,12,15
574.0,2,12,16
754.0,2,12,17
349.0,2,12,18
252.0,2,12,19
92.0,2,12,20
66.0,2,12,21
208.0,2,12,22
85.0,2,12,23
22.0,2,13,0
0.0,2,13,1
0.0,2,13,2
0.0,2,13,3
0.0,2,13,4
0.0,2,13,5
0.0,2,13,6
0.0,2,13,7
0.0,2,13,8
0.0,2,13,9
0.0,2,13,10
0.0,2,13,11
0.0,2,13,12
0.0,2,13,13
70.0,2,13,14
307.0,2,13,15
270.0,2,13,16
326.0,2,13,17
584.0,2,13,18
470.0,2,13,19
562.0,2,13,20
489.0,2,13,21
183.0,2,13,22
97.0,2,13,23
47.0,2,14,0
0.0,2,14,1
0.0,2,14,2
0.0,2,14,3
0.0,2,14,4
0.0,2,14,5
0.0,2,14,6
0.0,2,14,7
0.0,2,14,8
0.0,2,14,9
0.0,2,14,10
0.0,2,14,11
0.0,2,14,12
0.0,2,14,13
24.0,2,14,14
59.0,2,14,15
161.0,2,14,16
135.0,2,14,17
219.0,2,14,18
479.0,2,14,19
280.0,2,14,20
363.0,2,14,21
296.0,2,14,22
167.0,2,14,23
32.0,2,15,0
0.0,2,15,1
0.0,2,15,2
0.0,2,15,3
0.0,2,15,4
0.0,2,15,5
0.0,2,15,6
0.0,2,15,7
0.0,2,15,8
0.0,2,15,9
0.0,2,15,10
0.0,2,15,11
0.0,2,15,12
0.0,2,15,13
135.0,2,15,14
410.0,2,15,15
238.0,2,15,16
414.0,2,15,17
318.0,2,15,18
431.0,2,15,19
492.0,2,15,20
844.0,2,15,21
342.0,2,15,22
277.0,2,15,23
111.0,2,16,0
0.0,2,16,1
0.0,2,16,2
0.0,2,16,3
0.0,2,16,4
0.0,2,16,5
0.0,2,16,6
0.0,2,16,7
0.0,2,16,8
0.0,2,16,9
0.0,2,16,10
0.0,2,16,11
0.0,2,16,12
0.0,2,16,13
121.0,2,16,14
349.0,2,16,15
611.0,2,16,16
786.0,2,16,17
887.0,2,16,18
639.0,2,16,19
983.0,2,16,20
538.0,2,16,21
301.0,2,16,22
145.0,2,16,23
31.0,2,17,0
0.0,2,17,1
0.0,2,17,2
0.0,2,17,3
0.0,2,17,4
0.0,2,17,5
0.0,2,17,6
0.0,2,17,7
0.0,2,17,8
0.0,2,17,9
0.0,2,17,10
0.0,2,17,11
0.0,2,17,12
0.0,2,17,13
27.0,2,17,14
299.0,2,17,15
587.0,2,17,16
686.0,2,17,17
245.0,2,17,18
554.0,2,17,19
328.0,2,17,20
338.0,2,17,21
240.0,2,17,22
220.0,2,17,23
31.0,2,18,0
0.0,2,18,1
0.0,2,18,2
0.0,2,18,3
0.0,2,18,4
0.0,2,18,5
0.0,2,18,6
0.0,2,18,7
0.0,2,18,8
0.0,2,18,9
0.0,2,18,10
0.0,2,18,11
0.0,2,18,12
0.0,2,18,13
113.0,2,18,14
339.0,2,18,15
541.0,2,18,16
730.0,2,18,17
839.0,2,18,18
671.0,2,18,19
854.0,2,18,20
723.0,2,18,21
122.0,2,18,22
153.0,2,18,23
20.0,2,19,0
0.0,2,19,1
0.0,2,19,2
0.0,2,19,3
0.0,2,19,4
0.0,2,19,5
0.0,2,19,6
0.0,2,19,7
0.0,2,19,8
0.0,2,19,9
0.0,2,19,10
0.0,2,19,11
0.0,2,19,12
0.0,2,19,13
123.0,2,19,14
345.0,2,19,15
555.0,2,19,16
712.0,2,19,17
840.0,2,19,18
683.0,2,19,19
782.0,2,19,20
532.0,2,19,21
516.0,2,19,22
277.0,2,19,23
84.0,2,20,0
0.0,2,20,1
0.0,2,20,2
0.0,2,20,3
0.0,2,20,4
0.0,2,20,5
0.0,2,20,6
0.0,2,20,7
0.0,2,20,8
0.0,2,20,9
0.0,2,20,10
0.0,2,20,11
0.0,2,20,12
0.0,2,20,13
119.0,2,20,14
335.0,2,20,15
564.0,2,20,16
761.0,2,20,17
837.0,2,20,18
742.0,2,20,19
276.0,2,20,20
570.0,2,20,21
241.0,2,20,22
95.0,2,20,23
89.0,2,21,0
0.0,2,21,1
0.0,2,21,2
0.0,2,21,3
0.0,2,21,4
0.0,2,21,5
0.0,2,21,6
0.0,2,21,7
0.0,2,21,8
0.0,2,21,9
0.0,2,21,10
0.0,2,21,11
0.0,2,21,12
0.0,2,21,13
121.0,2,21,14
335.0,2,21,15
559.0,2,21,16
755.0,2,21,17
876.0,2,21,18
755.0,2,21,19
813.0,2,21,20
261.0,2,21,21
434.0,2,21,22
267.0,2,21,23
68.0,2,22,0
0.0,2,22,1
0.0,2,22,2
0.0,2,22,3
0.0,2,22,4
0.0,2,22,5
0.0,2,22,6
0.0,2,22,7
0.0,2,22,8
0.0,2,22,9
0.0,2,22,10
0.0,2,22,11
0.0,2,22,12
1.0,2,22,13
127.0,2,22,14
326.0,2,22,15
577.0,2,22,16
760.0,2,22,17
880.0,2,22,18
783.0,2,22,19
840.0,2,22,20
804.0,2,22,21
142.0,2,22,22
65.0,2,22,23
56.0,2,23,0
0.0,2,23,1
0.0,2,23,2
0.0,2,23,3
0.0,2,23,4
0.0,2,23,5
0.0,2,23,6
0.0,2,23,7
0.0,2,23,8
0.0,2,23,9
0.0,2,23,10
0.0,2,23,11
0.0,2,23,12
0.0,2,23,13
148.0,2,23,14
378.0,2,23,15
611.0,2,23,16
789.0,2,23,17
912.0,2,23,18
807.0,2,23,19
844.0,2,23,20
783.0,2,23,21
582.0,2,23,22
343.0,2,23,23
86.0,2,24,0
0.0,2,24,1
0.0,2,24,2
0.0,2,24,3
0.0,2,24,4
0.0,2,24,5
0.0,2,24,6
0.0,2,24,7
0.0,2,24,8
0.0,2,24,9
0.0,2,24,10
0.0,2,24,11
0.0,2,24,12
0.0,2,24,13
123.0,2,24,14
345.0,2,24,15
550.0,2,24,16
764.0,2,24,17
880.0,2,24,18
812.0,2,24,19
810.0,2,24,20
692.0,2,24,21
544.0,2,24,22
340.0,2,24,23
62.0,2,25,0
0.0,2,25,1
0.0,2,25,2
0.0,2,25,3
0.0,2,25,4
0.0,2,25,5
0.0,2,25,6
0.0,2,25,7
0.0,2,25,8
0.0,2,25,9
0.0,2,25,10
0.0,2,25,11
0.0,2,25,12
0.0,2,25,13
132.0,2,25,14
354.0,2,25,15
579.0,2,25,16
749.0,2,25,17
894.0,2,25,18
816.0,2,25,19
798.0,2,25,20
643.0,2,25,21
316.0,2,25,22
367.0,2,25,23
137.0,2,26,0
0.0,2,26,1
0.0,2,26,2
0.0,2,26,3
0.0,2,26,4
0.0,2,26,5
0.0,2,26,6
0.0,2,26,7
0.0,2,26,8
0.0,2,26,9
0.0,2,26,10
0.0,2,26,11
0.0,2,26,12
0.0,2,26,13
142.0,2,26,14
376.0,2,26,15
607.0,2,26,16
797.0,2,26,17
904.0,2,26,18
832.0,2,26,19
716.0,2,26,20
565.0,2,26,21
132.0,2,26,22
343.0,2,26,23
112.0,2,27,0
0.0,2,27,1
0.0,2,27,2
0.0,2,27,3
0.0,2,27,4
0.0,2,27,5
0.0,2,27,6
0.0,2,27,7
0.0,2,27,8
0.0,2,27,9
0.0,2,27,10
0.0,2,27,11
0.0,2,27,12
0.0,2,27,13
151.0,2,27,14
389.0,2,27,15
605.0,2,27,16
777.0,2,27,17
873.0,2,27,18
733.0,2,27,19
724.0,2,27,20
575.0,2,27,21
456.0,2,27,22
265.0,2,27,23
133.0,2,28,0
0.0,2,28,1
0.0,2,28,2
0.0,2,28,3
0.0,2,28,4
0.0,2,28,5
0.0,2,28,6
0.0,2,28,7
0.0,2,28,8
0.0,2,28,9
0.0,2,28,10
0.0,2,28,11
0.0,2,28,12
0.0,2,28,13
157.0,2,28,14
374.0,2,28,15
616.0,2,28,16
818.0,2,28,17
942.0,2,28,18
909.0,2,28,19
884.0,2,28,20
495.0,2,28,21
350.0,2,28,22
88.0,2,28,23
