52.0,4,1,0
0.0,4,1,1
0.0,4,1,2
0.0,4,1,3
0.0,4,1,4
0.0,4,1,5
0.0,4,1,6
0.0,4,1,7
0.0,4,1,8
0.0,4,1,9
0.0,4,1,10
0.0,4,1,11
0.0,4,1,12
11.0,4,1,13
39.0,4,1,14
519.0,4,1,15
809.0,4,1,16
842.0,4,1,17
505.0,4,1,18
833.0,4,1,19
750.0,4,1,20
485.0,4,1,21
175.0,4,1,22
81.0,4,1,23
57.0,4,2,0
0.0,4,2,1
0.0,4,2,2
0.0,4,2,3
0.0,4,2,4
0.0,4,2,5
0.0,4,2,6
0.0,4,2,7
0.0,4,2,8
0.0,4,2,9
0.0,4,2,10
0.0,4,2,11
0.0,4,2,12
16.0,4,2,13
41.0,4,2,14
526.0,4,2,15
762.0,4,2,16
861.0,4,2,17
663.0,4,2,18
655.0,4,2,19
421.0,4,2,20
413.0,4,2,21
632.0,4,2,22
132.0,4,2,23
84.0,4,3,0
0.0,4,3,1
0.0,4,3,2
0.0,4,3,3
0.0,4,3,4
0.0,4,3,5
0.0,4,3,6
0.0,4,3,7
0.0,4,3,8
0.0,4,3,9
0.0,4,3,10
0.0,4,3,11
0.0,4,3,12
19.0,4,3,13
47.0,4,3,14
480.0,4,3,15
711.0,4,3,16
963.0,4,3,17
1045.0,4,3,18
1094.0,4,3,19
685.0,4,3,20
571.0,4,3,21
192.0,4,3,22
114.0,4,3,23
36.0,4,4,0
0.0,4,4,1
0.0,4,4,2
0.0,4,4,3
0.0,4,4,4
0.0,4,4,5
0.0,4,4,6
0.0,4,4,7
0.0,4,4,8
0.0,4,4,9
0.0,4,4,10
0.0,4,4,11
0.0,4,4,12
7.0,4,4,13
52.0,4,4,14
335.0,4,4,15
725.0,4,4,16
816.0,4,4,17
1080.0,4,4,18
1097.0,4,4,19
958.0,4,4,20
803.0,4,4,21
654.0,4,4,22
157.0,4,4,23
78.0,4,5,0
0.0,4,5,1
0.0,4,5,2
0.0,4,5,3
0.0,4,5,4
0.0,4,5,5
0.0,4,5,6
0.0,4,5,7
0.0,4,5,8
0.0,4,5,9
0.0,4,5,10
0.0,4,5,11
0.0,4,5,12
14.0,4,5,13
34.0,4,5,14
542.0,4,5,15
775.0,4,5,16
962.0,4,5,17
1064.0,4,5,18
1066.0,4,5,19
930.0,4,5,20
807.0,4,5,21
618.0,4,5,22
90.0,4,5,23
47.0,4,6,0
0.0,4,6,1
0.0,4,6,2
0.0,4,6,3
0.0,4,6,4
0.0,4,6,5
0.0,4,6,6
0.0,4,6,7
0.0,4,6,8
0.0,4,6,9
0.0,4,6,10
0.0,4,6,11
0.0,4,6,12
12.0,4,6,13
37.0,4,6,14
553.0,4,6,15
776.0,4,6,16
974.0,4,6,17
627.0,4,6,18
715.0,4,6,19
964.0,4,6,20
372.0,4,6,21
251.0,4,6,22
130.0,4,6,23
24.0,4,7,0
2.0,4,7,1
0.0,4,7,2
0.0,4,7,3
0.0,4,7,4
0.0,4,7,5
0.0,4,7,6
0.0,4,7,7
0.0,4,7,8
0.0,4,7,9
0.0,4,7,10
0.0,4,7,11
0.0,4,7,12
11.0,4,7,13
24.0,4,7,14
547.0,4,7,15
801.0,4,7,16
968.0,4,7,17
1041.0,4,7,18
1059.0,4,7,19
919.0,4,7,20
412.0,4,7,21
308.0,4,7,22
85.0,4,7,23
45.0,4,8,0
0.0,4,8,1
0.0,4,8,2
0.0,4,8,3
0.0,4,8,4
0.0,4,8,5
0.0,4,8,6
0.0,4,8,7
0.0,4,8,8
0.0,4,8,9
0.0,4,8,10
0.0,4,8,11
0.0,4,8,12
10.0,4,8,13
48.0,4,8,14
492.0,4,8,15
816.0,4,8,16
960.0,4,8,17
1021.0,4,8,18
1039.0,4,8,19
730.0,4,8,20
842.0,4,8,21
453.0,4,8,22
271.0,4,8,23
31.0,4,9,0
0.0,4,9,1
0.0,4,9,2
0.0,4,9,3
0.0,4,9,4
0.0,4,9,5
0.0,4,9,6
0.0,4,9,7
0.0,4,9,8
0.0,4,9,9
0.0,4,9,10
0.0,4,9,11
0.0,4,9,12
16.0,4,9,13
42.0,4,9,14
496.0,4,9,15
798.0,4,9,16
943.0,4,9,17
439.0,4,9,18
481.0,4,9,19
704.0,4,9,20
711.0,4,9,21
218.0,4,9,22
136.0,4,9,23
15.0,4,10,0
0.0,4,10,1
0.0,4,10,2
0.0,4,10,3
0.0,4,10,4
0.0,4,10,5
0.0,4,10,6
0.0,4,10,7
0.0,4,10,8
0.0,4,10,9
0.0,4,10,10
0.0,4,10,11
0.0,4,10,12
13.0,4,10,13
43.0,4,10,14
488.0,4,10,15
744.0,4,10,16
1050.0,4,10,17
1166.0,4,10,18
1119.0,4,10,19
845.0,4,10,20
791.0,4,10,21
303.0,4,10,22
90.0,4,10,23
27.0,4,11,0
5.0,4,11,1
0.0,4,11,2
0.0,4,11,3
0.0,4,11,4
0.0,4,11,5
0.0,4,11,6
0.0,4,11,7
0.0,4,11,8
0.0,4,11,9
0.0,4,11,10
0.0,4,11,11
0.0,4,11,12
27.0,4,11,13
130.0,4,11,14
209.0,4,11,15
126.0,4,11,16
108.0,4,11,17
465.0,4,11,18
613.0,4,11,19
574.0,4,11,20
382.0,4,11,21
115.0,4,11,22
53.0,4,11,23
34.0,4,12,0
0.0,4,12,1
0.0,4,12,2
0.0,4,12,3
0.0,4,12,4
0.0,4,12,5
0.0,4,12,6
0.0,4,12,7
0.0,4,12,8
0.0,4,12,9
0.0,4,12,10
0.0,4,12,11
0.0,4,12,12
22.0,4,12,13
80.0,4,12,14
181.0,4,12,15
356.0,4,12,16
627.0,4,12,17
1066.0,4,12,18
750.0,4,12,19
608.0,4,12,20
273.0,4,12,21
141.0,4,12,22
135.0,4,12,23
44.0,4,13,0
0.0,4,13,1
0.0,4,13,2
0.0,4,13,3
0.0,4,13,4
0.0,4,13,5
0.0,4,13,6
0.0,4,13,7
0.0,4,13,8
0.0,4,13,9
0.0,4,13,10
0.0,4,13,11
0.0,4,13,12
20.0,4,13,13
52.0,4,13,14
488.0,4,13,15
845.0,4,13,16
842.0,4,13,17
634.0,4,13,18
220.0,4,13,19
439.0,4,13,20
162.0,4,13,21
329.0,4,13,22
101.0,4,13,23
57.0,4,14,0
0.0,4,14,1
0.0,4,14,2
0.0,4,14,3
0.0,4,14,4
0.0,4,14,5
0.0,4,14,6
0.0,4,14,7
0.0,4,14,8
0.0,4,14,9
0.0,4,14,10
0.0,4,14,11
0.0,4,14,12
14.0,4,14,13
57.0,4,14,14
480.0,4,14,15
619.0,4,14,16
1072.0,4,14,17
589.0,4,14,18
806.0,4,14,19
733.0,4,14,20
487.0,4,14,21
242.0,4,14,22
69.0,4,14,23
65.0,4,15,0
0.0,4,15,1
0.0,4,15,2
0.0,4,15,3
0.0,4,15,4
0.0,4,15,5
0.0,4,15,6
0.0,4,15,7
0.0,4,15,8
0.0,4,15,9
0.0,4,15,10
0.0,4,15,11
0.0,4,15,12
14.0,4,15,13
39.0,4,15,14
389.0,4,15,15
760.0,4,15,16
947.0,4,15,17
752.0,4,15,18
838.0,4,15,19
231.0,4,15,20
744.0,4,15,21
193.0,4,15,22
228.0,4,15,23
61.0,4,16,0
0.0,4,16,1
0.0,4,16,2
0.0,4,16,3
0.0,4,16,4
0.0,4,16,5
0.0,4,16,6
0.0,4,16,7
0.0,4,16,8
0.0,4,16,9
0.0,4,16,10
0.0,4,16,11
0.0,4,16,12
12.0,4,16,13
28.0,4,16,14
295.0,4,16,15
829.0,4,16,16
1006.0,4,16,17
1114.0,4,16,18
1088.0,4,16,19
959.0,4,16,20
846.0,4,16,21
563.0,4,16,22
78.0,4,16,23
34.0,4,17,0
0.0,4,17,1
0.0,4,17,2
0.0,4,17,3
0.0,4,17,4
0.0,4,17,5
0.0,4,17,6
0.0,4,17,7
0.0,4,17,8
0.0,4,17,9
0.0,4,17,10
0.0,4,17,11
0.0,4,17,12
19.0,4,17,13
53.0,4,17,14
239.0,4,17,15
795.0,4,17,16
1052.0,4,17,17
1099.0,4,17,18
1041.0,4,17,19
854.0,4,17,20
724.0,4,17,21
603.0,4,17,22
273.0,4,17,23
31.0,4,18,0
0.0,4,18,1
0.0,4,18,2
0.0,4,18,3
0.0,4,18,4
0.0,4,18,5
0.0,4,18,6
0.0,4,18,7
0.0,4,18,8
0.0,4,18,9
0.0,4,18,10
0.0,4,18,11
0.0,4,18,12
17.0,4,18,13
38.0,4,18,14
184.0,4,18,15
813.0,4,18,16
1041.0,4,18,17
1148.0,4,18,18
757.0,4,18,19
425.0,4,18,20
341.0,4,18,21
99.0,4,18,22
88.0,4,18,23
36.0,4,19,0
0.0,4,19,1
0.0,4,19,2
0.0,4,19,3
0.0,4,19,4
0.0,4,19,5
0.0,4,19,6
0.0,4,19,7
0.0,4,19,8
0.0,4,19,9
0.0,4,19,10
0.0,4,19,11
0.0,4,19,12
15.0,4,19,13
35.0,4,19,14
120.0,4,19,15
846.0,4,19,16
1021.0,4,19,17
1100.0,4,19,18
791.0,4,19,19
721.0,4,19,20
429.0,4,19,21
583.0,4,19,22
211.0,4,19,23
28.0,4,20,0
0.0,4,20,1
0.0,4,20,2
0.0,4,20,3
0.0,4,20,4
0.0,4,20,5
0.0,4,20,6
0.0,4,20,7
0.0,4,20,8
0.0,4,20,9
0.0,4,20,10
0.0,4,20,11
0.0,4,20,12
16.0,4,20,13
34.0,4,20,14
206.0,4,20,15
807.0,4,20,16
962.0,4,20,17
1075.0,4,20,18
977.0,4,20,19
1012.0,4,20,20
854.0,4,20,21
558.0,4,20,22
133.0,4,20,23
36.0,4,21,0
0.0,4,21,1
0.0,4,21,2
0.0,4,21,3
0.0,4,21,4
0.0,4,21,5
0.0,4,21,6
0.0,4,21,7
0.0,4,21,8
0.0,4,21,9
0.0,4,21,10
0.0,4,21,11
0.0,4,21,12
23.0,4,21,13
40.0,4,21,14
334.0,4,21,15
826.0,4,21,16
983.0,4,21,17
1076.0,4,21,18
1045.0,4,21,19
1041.0,4,21,20
908.0,4,21,21
620.0,4,21,22
167.0,4,21,23
31.0,4,22,0
0.0,4,22,1
0.0,4,22,2
0.0,4,22,3
0.0,4,22,4
0.0,4,22,5
0.0,4,22,6
0.0,4,22,7
0.0,4,22,8
0.0,4,22,9
0.0,4,22,10
0.0,4,22,11
0.0,4,22,12
22.0,4,22,13
51.0,4,22,14
327.0,4,22,15
756.0,4,22,16
917.0,4,22,17
1048.0,4,22,18
1020.0,4,22,19
979.0,4,22,20
892.0,4,22,21
617.0,4,22,22
176.0,4,22,23
102.0,4,23,0
0.0,4,23,1
0.0,4,23,2
0.0,4,23,3
0.0,4,23,4
0.0,4,23,5
0.0,4,23,6
0.0,4,23,7
0.0,4,23,8
0.0,4,23,9
0.0,4,23,10
0.0,4,23,11
0.0,4,23,12
21.0,4,23,13
49.0,4,23,14
298.0,4,23,15
799.0,4,23,16
992.0,4,23,17
1102.0,4,23,18
1071.0,4,23,19
1063.0,4,23,20
884.0,4,23,21
644.0,4,23,22
123.0,4,23,23
45.0,4,24,0
0.0,4,24,1
0.0,4,24,2
0.0,4,24,3
0.0,4,24,4
0.0,4,24,5
0.0,4,24,6
0.0,4,24,7
0.0,4,24,8
0.0,4,24,9
0.0,4,24,10
0.0,4,24,11
0.0,4,24,12
18.0,4,24,13
85.0,4,24,14
265.0,4,24,15
829.0,4,24,16
1072.0,4,24,17
994.0,4,24,18
1091.0,4,24,19
1089.0,4,24,20
851.0,4,24,21
690.0,4,24,22
129.0,4,24,23
45.0,4,25,0
0.0,4,25,1
0.0,4,25,2
0.0,4,25,3
0.0,4,25,4
0.0,4,25,5
0.0,4,25,6
0.0,4,25,7
0.0,4,25,8
0.0,4,25,9
0.0,4,25,10
0.0,4,25,11
0.0,4,25,12
22.0,4,25,13
67.0,4,25,14
346.0,4,25,15
234.0,4,25,16
798.0,4,25,17
996.0,4,25,18
1119.0,4,25,19
1066.0,4,25,20
843.0,4,25,21
693.0,4,25,22
160.0,4,25,23
52.0,4,26,0
0.0,4,26,1
0.0,4,26,2
0.0,4,26,3
0.0,4,26,4
0.0,4,26,5
0.0,4,26,6
0.0,4,26,7
0.0,4,26,8
0.0,4,26,9
0.0,4,26,10
0.0,4,26,11
0.0,4,26,12
18.0,4,26,13
44.0,4,26,14
336.0,4,26,15
831.0,4,26,16
991.0,4,26,17
1026.0,4,26,18
945.0,4,26,19
907.0,4,26,20
376.0,4,26,21
224.0,4,26,22
203.0,4,26,23
88.0,4,27,0
0.0,4,27,1
0.0,4,27,2
0.0,4,27,3
0.0,4,27,4
0.0,4,27,5
0.0,4,27,6
0.0,4,27,7
0.0,4,27,8
0.0,4,27,9
0.0,4,27,10
0.0,4,27,11
0.0,4,27,12
18.0,4,27,13
37.0,4,27,14
272.0,4,27,15
714.0,4,27,16
1014.0,4,27,17
950.0,4,27,18
1166.0,4,27,19
1061.0,4,27,20
856.0,4,27,21
574.0,4,27,22
152.0,4,27,23
122.0,4,28,0
1.0,4,28,1
0.0,4,28,2
0.0,4,28,3
0.0,4,28,4
0.0,4,28,5
0.0,4,28,6
0.0,4,28,7
0.0,4,28,8
0.0,4,28,9
0.0,4,28,10
0.0,4,28,11
0.0,4,28,12
37.0,4,28,13
98.0,4,28,14
227.0,4,28,15
331.0,4,28,16
749.0,4,28,17
619.0,4,28,18
1086.0,4,28,19
997.0,4,28,20
549.0,4,28,21
666.0,4,28,22
424.0,4,28,23
96.0,4,29,0
1.0,4,29,1
0.0,4,29,2
0.0,4,29,3
0.0,4,29,4
0.0,4,29,5
0.0,4,29,6
0.0,4,29,7
0.0,4,29,8
0.0,4,29,9
0.0,4,29,10
0.0,4,29,11
0.0,4,29,12
21.0,4,29,13
70.0,4,29,14
62.0,4,29,15
112.0,4,29,16
377.0,4,29,17
68.0,4,29,18
145.0,4,29,19
436.0,4,29,20
193.0,4,29,21
142.0,4,29,22
166.0,4,29,23
39.0,4,30,0
0.0,4,30,1
0.0,4,30,2
0.0,4,30,3
0.0,4,30,4
0.0,4,30,5
0.0,4,30,6
0.0,4,30,7
0.0,4,30,8
0.0,4,30,9
0.0,4,30,10
0.0,4,30,11
0.0,4,30,12
36.0,4,30,13
126.0,4,30,14
213.0,4,30,15
673.0,4,30,16
966.0,4,30,17
356.0,4,30,18
676.0,4,30,19
72.0,4,30,20
84.0,4,30,21
295.0,4,30,22
106.0,4,30,23
