12.0,6,1,0
1.0,6,1,1
0.0,6,1,2
0.0,6,1,3
0.0,6,1,4
0.0,6,1,5
0.0,6,1,6
0.0,6,1,7
0.0,6,1,8
0.0,6,1,9
0.0,6,1,10
0.0,6,1,11
1.0,6,1,12
55.0,6,1,13
180.0,6,1,14
203.0,6,1,15
300.0,6,1,16
210.0,6,1,17
555.0,6,1,18
324.0,6,1,19
287.0,6,1,20
190.0,6,1,21
48.0,6,1,22
33.0,6,1,23
35.0,6,2,0
4.0,6,2,1
0.0,6,2,2
0.0,6,2,3
0.0,6,2,4
0.0,6,2,5
0.0,6,2,6
0.0,6,2,7
0.0,6,2,8
0.0,6,2,9
0.0,6,2,10
0.0,6,2,11
1.0,6,2,12
62.0,6,2,13
80.0,6,2,14
151.0,6,2,15
621.0,6,2,16
140.0,6,2,17
366.0,6,2,18
239.0,6,2,19
220.0,6,2,20
206.0,6,2,21
134.0,6,2,22
100.0,6,2,23
19.0,6,3,0
4.0,6,3,1
0.0,6,3,2
0.0,6,3,3
0.0,6,3,4
0.0,6,3,5
0.0,6,3,6
0.0,6,3,7
0.0,6,3,8
0.0,6,3,9
0.0,6,3,10
0.0,6,3,11
0.0,6,3,12
41.0,6,3,13
143.0,6,3,14
222.0,6,3,15
459.0,6,3,16
586.0,6,3,17
943.0,6,3,18
231.0,6,3,19
214.0,6,3,20
210.0,6,3,21
190.0,6,3,22
116.0,6,3,23
46.0,6,4,0
6.0,6,4,1
0.0,6,4,2
0.0,6,4,3
0.0,6,4,4
0.0,6,4,5
0.0,6,4,6
0.0,6,4,7
0.0,6,4,8
0.0,6,4,9
0.0,6,4,10
0.0,6,4,11
0.0,6,4,12
60.0,6,4,13
40.0,6,4,14
156.0,6,4,15
861.0,6,4,16
977.0,6,4,17
288.0,6,4,18
738.0,6,4,19
178.0,6,4,20
246.0,6,4,21
131.0,6,4,22
110.0,6,4,23
54.0,6,5,0
15.0,6,5,1
0.0,6,5,2
0.0,6,5,3
0.0,6,5,4
0.0,6,5,5
0.0,6,5,6
0.0,6,5,7
0.0,6,5,8
0.0,6,5,9
0.0,6,5,10
0.0,6,5,11
0.0,6,5,12
17.0,6,5,13
64.0,6,5,14
209.0,6,5,15
301.0,6,5,16
348.0,6,5,17
343.0,6,5,18
459.0,6,5,19
290.0,6,5,20
179.0,6,5,21
254.0,6,5,22
181.0,6,5,23
102.0,6,6,0
5.0,6,6,1
0.0,6,6,2
0.0,6,6,3
0.0,6,6,4
0.0,6,6,5
0.0,6,6,6
0.0,6,6,7
0.0,6,6,8
0.0,6,6,9
0.0,6,6,10
0.0,6,6,11
1.0,6,6,12
33.0,6,6,13
136.0,6,6,14
245.0,6,6,15
587.0,6,6,16
319.0,6,6,17
82.0,6,6,18
33.0,6,6,19
20.0,6,6,20
208.0,6,6,21
91.0,6,6,22
38.0,6,6,23
11.0,6,7,0
1.0,6,7,1
0.0,6,7,2
0.0,6,7,3
0.0,6,7,4
0.0,6,7,5
0.0,6,7,6
0.0,6,7,7
0.0,6,7,8
0.0,6,7,9
0.0,6,7,10
0.0,6,7,11
0.0,6,7,12
23.0,6,7,13
168.0,6,7,14
211.0,6,7,15
870.0,6,7,16
533.0,6,7,17
270.0,6,7,18
595.0,6,7,19
378.0,6,7,20
172.0,6,7,21
197.0,6,7,22
316.0,6,7,23
68.0,6,8,0
4.0,6,8,1
0.0,6,8,2
0.0,6,8,3
0.0,6,8,4
0.0,6,8,5
0.0,6,8,6
0.0,6,8,7
0.0,6,8,8
0.0,6,8,9
0.0,6,8,10
0.0,6,8,11
1.0,6,8,12
18.0,6,8,13
29.0,6,8,14
62.0,6,8,15
870.0,6,8,16
1004.0,6,8,17
1109.0,6,8,18
1129.0,6,8,19
355.0,6,8,20
94.0,6,8,21
687.0,6,8,22
279.0,6,8,23
62.0,6,9,0
6.0,6,9,1
0.0,6,9,2
0.0,6,9,3
0.0,6,9,4
0.0,6,9,5
0.0,6,9,6
0.0,6,9,7
0.0,6,9,8
0.0,6,9,9
0.0,6,9,10
0.0,6,9,11
1.0,6,9,12
16.0,6,9,13
28.0,6,9,14
63.0,6,9,15
816.0,6,9,16
955.0,6,9,17
1074.0,6,9,18
1103.0,6,9,19
406.0,6,9,20
205.0,6,9,21
518.0,6,9,22
265.0,6,9,23
78.0,6,10,0
9.0,6,10,1
0.0,6,10,2
0.0,6,10,3
0.0,6,10,4
0.0,6,10,5
0.0,6,10,6
0.0,6,10,7
0.0,6,10,8
0.0,6,10,9
0.0,6,10,10
0.0,6,10,11
1.0,6,10,12
22.0,6,10,13
64.0,6,10,14
85.0,6,10,15
785.0,6,10,16
833.0,6,10,17
1114.0,6,10,18
1092.0,6,10,19
441.0,6,10,20
174.0,6,10,21
635.0,6,10,22
299.0,6,10,23
73.0,6,11,0
9.0,6,11,1
0.0,6,11,2
0.0,6,11,3
0.0,6,11,4
0.0,6,11,5
0.0,6,11,6
0.0,6,11,7
0.0,6,11,8
0.0,6,11,9
0.0,6,11,10
0.0,6,11,11
2.0,6,11,12
52.0,6,11,13
66.0,6,11,14
125.0,6,11,15
435.0,6,11,16
1074.0,6,11,17
1162.0,6,11,18
1112.0,6,11,19
549.0,6,11,20
315.0,6,11,21
210.0,6,11,22
54.0,6,11,23
24.0,6,12,0
42.0,6,12,1
0.0,6,12,2
0.0,6,12,3
0.0,6,12,4
0.0,6,12,5
0.0,6,12,6
0.0,6,12,7
0.0,6,12,8
0.0,6,12,9
0.0,6,12,10
0.0,6,12,11
1.0,6,12,12
21.0,6,12,13
36.0,6,12,14
151.0,6,12,15
294.0,6,12,16
563.0,6,12,17
370.0,6,12,18
606.0,6,12,19
691.0,6,12,20
442.0,6,12,21
495.0,6,12,22
34.0,6,12,23
15.0,6,13,0
1.0,6,13,1
0.0,6,13,2
0.0,6,13,3
0.0,6,13,4
0.0,6,13,5
0.0,6,13,6
0.0,6,13,7
0.0,6,13,8
0.0,6,13,9
0.0,6,13,10
0.0,6,13,11
2.0,6,13,12
36.0,6,13,13
41.0,6,13,14
183.0,6,13,15
302.0,6,13,16
1028.0,6,13,17
372.0,6,13,18
1117.0,6,13,19
280.0,6,13,20
332.0,6,13,21
241.0,6,13,22
78.0,6,13,23
41.0,6,14,0
1.0,6,14,1
0.0,6,14,2
0.0,6,14,3
0.0,6,14,4
0.0,6,14,5
0.0,6,14,6
0.0,6,14,7
0.0,6,14,8
0.0,6,14,9
0.0,6,14,10
0.0,6,14,11
0.0,6,14,12
23.0,6,14,13
29.0,6,14,14
46.0,6,14,15
76.0,6,14,16
97.0,6,14,17
72.0,6,14,18
155.0,6,14,19
38.0,6,14,20
80.0,6,14,21
267.0,6,14,22
84.0,6,14,23
39.0,6,15,0
2.0,6,15,1
0.0,6,15,2
0.0,6,15,3
0.0,6,15,4
0.0,6,15,5
0.0,6,15,6
0.0,6,15,7
0.0,6,15,8
0.0,6,15,9
0.0,6,15,10
0.0,6,15,11
1.0,6,15,12
24.0,6,15,13
78.0,6,15,14
244.0,6,15,15
308.0,6,15,16
81.0,6,15,17
337.0,6,15,18
65.0,6,15,19
73.0,6,15,20
184.0,6,15,21
172.0,6,15,22
48.0,6,15,23
29.0,6,16,0
5.0,6,16,1
0.0,6,16,2
0.0,6,16,3
0.0,6,16,4
0.0,6,16,5
0.0,6,16,6
0.0,6,16,7
0.0,6,16,8
0.0,6,16,9
0.0,6,16,10
0.0,6,16,11
0.0,6,16,12
30.0,6,16,13
62.0,6,16,14
136.0,6,16,15
791.0,6,16,16
998.0,6,16,17
911.0,6,16,18
1075.0,6,16,19
691.0,6,16,20
264.0,6,16,21
303.0,6,16,22
63.0,6,16,23
31.0,6,17,0
16.0,6,17,1
0.0,6,17,2
0.0,6,17,3
0.0,6,17,4
0.0,6,17,5
0.0,6,17,6
0.0,6,17,7
0.0,6,17,8
0.0,6,17,9
0.0,6,17,10
0.0,6,17,11
0.0,6,17,12
25.0,6,17,13
41.0,6,17,14
110.0,6,17,15
562.0,6,17,16
167.0,6,17,17
29.0,6,17,18
167.0,6,17,19
511.0,6,17,20
288.0,6,17,21
147.0,6,17,22
11.0,6,17,23
20.0,6,18,0
12.0,6,18,1
0.0,6,18,2
0.0,6,18,3
0.0,6,18,4
0.0,6,18,5
0.0,6,18,6
0.0,6,18,7
0.0,6,18,8
0.0,6,18,9
0.0,6,18,10
0.0,6,18,11
1.0,6,18,12
15.0,6,18,13
113.0,6,18,14
161.0,6,18,15
156.0,6,18,16
132.0,6,18,17
255.0,6,18,18
768.0,6,18,19
152.0,6,18,20
524.0,6,18,21
191.0,6,18,22
32.0,6,18,23
32.0,6,19,0
3.0,6,19,1
0.0,6,19,2
0.0,6,19,3
0.0,6,19,4
0.0,6,19,5
0.0,6,19,6
0.0,6,19,7
0.0,6,19,8
0.0,6,19,9
0.0,6,19,10
0.0,6,19,11
0.0,6,19,12
17.0,6,19,13
52.0,6,19,14
106.0,6,19,15
301.0,6,19,16
371.0,6,19,17
570.0,6,19,18
892.0,6,19,19
518.0,6,19,20
254.0,6,19,21
677.0,6,19,22
278.0,6,19,23
97.0,6,20,0
13.0,6,20,1
0.0,6,20,2
0.0,6,20,3
0.0,6,20,4
0.0,6,20,5
0.0,6,20,6
0.0,6,20,7
0.0,6,20,8
0.0,6,20,9
0.0,6,20,10
0.0,6,20,11
0.0,6,20,12
46.0,6,20,13
145.0,6,20,14
145.0,6,20,15
288.0,6,20,16
469.0,6,20,17
467.0,6,20,18
740.0,6,20,19
785.0,6,20,20
334.0,6,20,21
148.0,6,20,22
148.0,6,20,23
23.0,6,21,0
4.0,6,21,1
0.0,6,21,2
0.0,6,21,3
0.0,6,21,4
0.0,6,21,5
0.0,6,21,6
0.0,6,21,7
0.0,6,21,8
0.0,6,21,9
0.0,6,21,10
0.0,6,21,11
0.0,6,21,12
28.0,6,21,13
131.0,6,21,14
171.0,6,21,15
815.0,6,21,16
1087.0,6,21,17
784.0,6,21,18
1041.0,6,21,19
92.0,6,21,20
149.0,6,21,21
184.0,6,21,22
128.0,6,21,23
32.0,6,22,0
11.0,6,22,1
0.0,6,22,2
0.0,6,22,3
0.0,6,22,4
0.0,6,22,5
0.0,6,22,6
0.0,6,22,7
0.0,6,22,8
0.0,6,22,9
0.0,6,22,10
0.0,6,22,11
0.0,6,22,12
43.0,6,22,13
76.0,6,22,14
99.0,6,22,15
266.0,6,22,16
754.0,6,22,17
1142.0,6,22,18
1082.0,6,22,19
167.0,6,22,20
243.0,6,22,21
35.0,6,22,22
56.0,6,22,23
25.0,6,23,0
0.0,6,23,1
0.0,6,23,2
0.0,6,23,3
0.0,6,23,4
0.0,6,23,5
-99.0,6,23,6
0.0,6,23,7
0.0,6,23,8
0.0,6,23,9
0.0,6,23,10
0.0,6,23,11
0.0,6,23,12
46.0,6,23,13
111.0,6,23,14
190.0,6,23,15
817.0,6,23,16
973.0,6,23,17
1053.0,6,23,18
1033.0,6,23,19
628.0,6,23,20
232.0,6,23,21
561.0,6,23,22
181.0,6,23,23
55.0,6,24,0
3.0,6,24,1
0.0,6,24,2
0.0,6,24,3
0.0,6,24,4
0.0,6,24,5
0.0,6,24,6
0.0,6,24,7
0.0,6,24,8
0.0,6,24,9
0.0,6,24,10
0.0,6,24,11
0.0,6,24,12
23.0,6,24,13
95.0,6,24,14
209.0,6,24,15
710.0,6,24,16
692.0,6,24,17
849.0,6,24,18
259.0,6,24,19
328.0,6,24,20
126.0,6,24,21
245.0,6,24,22
134.0,6,24,23
17.0,6,25,0
3.0,6,25,1
0.0,6,25,2
0.0,6,25,3
0.0,6,25,4
0.0,6,25,5
0.0,6,25,6
0.0,6,25,7
0.0,6,25,8
0.0,6,25,9
0.0,6,25,10
0.0,6,25,11
0.0,6,25,12
31.0,6,25,13
45.0,6,25,14
145.0,6,25,15
742.0,6,25,16
1006.0,6,25,17
1104.0,6,25,18
856.0,6,25,19
324.0,6,25,20
93.0,6,25,21
238.0,6,25,22
102.0,6,25,23
65.0,6,26,0
11.0,6,26,1
0.0,6,26,2
0.0,6,26,3
0.0,6,26,4
0.0,6,26,5
0.0,6,26,6
0.0,6,26,7
0.0,6,26,8
0.0,6,26,9
0.0,6,26,10
0.0,6,26,11
0.0,6,26,12
20.0,6,26,13
34.0,6,26,14
164.0,6,26,15
583.0,6,26,16
99.0,6,26,17
53.0,6,26,18
339.0,6,26,19
539.0,6,26,20
97.0,6,26,21
48.0,6,26,22
4.0,6,26,23
1.0,6,27,0
0.0,6,27,1
0.0,6,27,2
0.0,6,27,3
0.0,6,27,4
0.0,6,27,5
0.0,6,27,6
0.0,6,27,7
0.0,6,27,8
0.0,6,27,9
0.0,6,27,10
0.0,6,27,11
0.0,6,27,12
18.0,6,27,13
64.0,6,27,14
116.0,6,27,15
220.0,6,27,16
298.0,6,27,17
347.0,6,27,18
231.0,6,27,19
21.0,6,27,20
42.0,6,27,21
143.0,6,27,22
91.0,6,27,23
28.0,6,28,0
7.0,6,28,1
0.0,6,28,2
0.0,6,28,3
0.0,6,28,4
0.0,6,28,5
0.0,6,28,6
0.0,6,28,7
0.0,6,28,8
0.0,6,28,9
0.0,6,28,10
0.0,6,28,11
0.0,6,28,12
8.0,6,28,13
47.0,6,28,14
71.0,6,28,15
254.0,6,28,16
602.0,6,28,17
650.0,6,28,18
201.0,6,28,19
185.0,6,28,20
237.0,6,28,21
162.0,6,28,22
99.0,6,28,23
29.0,6,29,0
0.0,6,29,1
0.0,6,29,2
0.0,6,29,3
0.0,6,29,4
0.0,6,29,5
0.0,6,29,6
0.0,6,29,7
0.0,6,29,8
0.0,6,29,9
0.0,6,29,10
0.0,6,29,11
0.0,6,29,12
46.0,6,29,13
127.0,6,29,14
153.0,6,29,15
344.0,6,29,16
362.0,6,29,17
658.0,6,29,18
821.0,6,29,19
405.0,6,29,20
465.0,6,29,21
310.0,6,29,22
123.0,6,29,23
91.0,6,30,0
16.0,6,30,1
0.0,6,30,2
0.0,6,30,3
0.0,6,30,4
0.0,6,30,5
0.0,6,30,6
0.0,6,30,7
0.0,6,30,8
0.0,6,30,9
0.0,6,30,10
0.0,6,30,11
0.0,6,30,12
4.0,6,30,13
45.0,6,30,14
223.0,6,30,15
304.0,6,30,16
279.0,6,30,17
415.0,6,30,18
205.0,6,30,19
227.0,6,30,20
301.0,6,30,21
218.0,6,30,22
219.0,6,30,23
