655.0,12,1,0,0
648.6,12,1,1,0
648.0,12,1,2,0
648.5,12,1,3,0
647.9,12,1,4,0
646.8,12,1,5,0
645.6,12,1,6,0
644.4,12,1,7,0
643.6,12,1,8,0
642.4,12,1,9,0
642.5,12,1,10,0
642.5,12,1,11,0
640.5,12,1,12,0
639.9,12,1,13,0
643.3,12,1,14,0
654.7,12,1,15,0
667.3,12,1,16,0
680.4,12,1,17,0
685.9,12,1,18,0
690.7,12,1,19,0
691.9,12,1,20,0
690.8,12,1,21,0
686.1,12,1,22,0
686.0,12,1,23,0
671.2,12,2,0,0
653.6,12,2,1,0
648.3,12,2,2,0
646.5,12,2,3,0
645.6,12,2,4,0
644.7,12,2,5,0
643.8,12,2,6,0
642.8,12,2,7,0
641.9,12,2,8,0
640.4,12,2,9,0
639.6,12,2,10,0
639.4,12,2,11,0
639.5,12,2,12,0
639.4,12,2,13,0
642.4,12,2,14,0
655.3,12,2,15,0
680.8,12,2,16,0
692.5,12,2,17,0
691.9,12,2,18,0
698.8,12,2,19,0
694.8,12,2,20,0
695.7,12,2,21,0
694.4,12,2,22,0
677.6,12,2,23,0
660.0,12,3,0,0
651.3,12,3,1,0
647.5,12,3,2,0
646.2,12,3,3,0
646.5,12,3,4,0
645.8,12,3,5,0
644.4,12,3,6,0
643.2,12,3,7,0
642.4,12,3,8,0
642.0,12,3,9,0
641.6,12,3,10,0
641.7,12,3,11,0
640.8,12,3,12,0
640.8,12,3,13,0
641.8,12,3,14,0
646.8,12,3,15,0
657.5,12,3,16,0
672.5,12,3,17,0
677.8,12,3,18,0
673.6,12,3,19,0
657.5,12,3,20,0
650.3,12,3,21,0
647.0,12,3,22,0
645.1,12,3,23,0
643.9,12,4,0,0
643.2,12,4,1,0
642.9,12,4,2,0
642.8,12,4,3,0
642.6,12,4,4,0
642.3,12,4,5,0
641.5,12,4,6,0
640.9,12,4,7,0
640.6,12,4,8,0
639.9,12,4,9,0
639.1,12,4,10,0
638.5,12,4,11,0
638.8,12,4,12,0
639.0,12,4,13,0
639.8,12,4,14,0
640.4,12,4,15,0
644.2,12,4,16,0
648.7,12,4,17,0
651.0,12,4,18,0
653.7,12,4,19,0
652.5,12,4,20,0
651.6,12,4,21,0
647.0,12,4,22,0
643.3,12,4,23,0
642.1,12,5,0,0
640.2,12,5,1,0
639.7,12,5,2,0
640.0,12,5,3,0
639.9,12,5,4,0
639.3,12,5,5,0
639.6,12,5,6,0
639.6,12,5,7,0
639.1,12,5,8,0
638.9,12,5,9,0
638.6,12,5,10,0
638.3,12,5,11,0
637.8,12,5,12,0
637.6,12,5,13,0
639.6,12,5,14,0
643.3,12,5,15,0
650.3,12,5,16,0
657.7,12,5,17,0
664.3,12,5,18,0
663.5,12,5,19,0
670.0,12,5,20,0
679.5,12,5,21,0
679.8,12,5,22,0
674.2,12,5,23,0
657.9,12,6,0,0
648.2,12,6,1,0
644.9,12,6,2,0
644.4,12,6,3,0
643.6,12,6,4,0
642.9,12,6,5,0
642.3,12,6,6,0
641.6,12,6,7,0
641.5,12,6,8,0
640.8,12,6,9,0
640.2,12,6,10,0
639.5,12,6,11,0
639.5,12,6,12,0
639.6,12,6,13,0
642.8,12,6,14,0
647.7,12,6,15,0
652.7,12,6,16,0
658.7,12,6,17,0
664.6,12,6,18,0
669.0,12,6,19,0
671.3,12,6,20,0
675.0,12,6,21,0
673.0,12,6,22,0
666.7,12,6,23,0
653.4,12,7,0,0
646.1,12,7,1,0
643.8,12,7,2,0
642.4,12,7,3,0
641.3,12,7,4,0
640.5,12,7,5,0
639.8,12,7,6,0
638.9,12,7,7,0
638.2,12,7,8,0
639.9,12,7,9,0
637.8,12,7,10,0
636.6,12,7,11,0
637.0,12,7,12,0
637.0,12,7,13,0
638.3,12,7,14,0
642.0,12,7,15,0
650.1,12,7,16,0
665.8,12,7,17,0
673.0,12,7,18,0
661.8,12,7,19,0
661.8,12,7,20,0
660.3,12,7,21,0
653.9,12,7,22,0
647.2,12,7,23,0
643.7,12,8,0,0
642.0,12,8,1,0
640.8,12,8,2,0
640.9,12,8,3,0
638.6,12,8,4,0
637.7,12,8,5,0
637.1,12,8,6,0
636.3,12,8,7,0
635.5,12,8,8,0
634.7,12,8,9,0
634.0,12,8,10,0
633.6,12,8,11,0
633.4,12,8,12,0
634.0,12,8,13,0
635.1,12,8,14,0
641.6,12,8,15,0
660.4,12,8,16,0
678.8,12,8,17,0
685.5,12,8,18,0
680.5,12,8,19,0
685.0,12,8,20,0
683.6,12,8,21,0
679.3,12,8,22,0
671.7,12,8,23,0
657.3,12,9,0,0
647.8,12,9,1,0
644.6,12,9,2,0
643.8,12,9,3,0
643.1,12,9,4,0
642.9,12,9,5,0
642.1,12,9,6,0
641.3,12,9,7,0
641.0,12,9,8,0
640.7,12,9,9,0
640.1,12,9,10,0
639.1,12,9,11,0
638.3,12,9,12,0
638.3,12,9,13,0
638.5,12,9,14,0
640.6,12,9,15,0
647.7,12,9,16,0
660.6,12,9,17,0
668.7,12,9,18,0
669.7,12,9,19,0
662.0,12,9,20,0
662.3,12,9,21,0
654.9,12,9,22,0
662.4,12,9,23,0
660.2,12,10,0,0
659.4,12,10,1,0
659.9,12,10,2,0
660.2,12,10,3,0
660.5,12,10,4,0
660.5,12,10,5,0
659.9,12,10,6,0
659.5,12,10,7,0
659.4,12,10,8,0
659.1,12,10,9,0
658.9,12,10,10,0
659.1,12,10,11,0
659.2,12,10,12,0
659.8,12,10,13,0
660.3,12,10,14,0
661.0,12,10,15,0
661.7,12,10,16,0
664.4,12,10,17,0
660.5,12,10,18,0
659.7,12,10,19,0
658.7,12,10,20,0
658.0,12,10,21,0
657.7,12,10,22,0
657.0,12,10,23,0
656.8,12,11,0,0
658.8,12,11,1,0
663.2,12,11,2,0
663.6,12,11,3,0
663.7,12,11,4,0
663.5,12,11,5,0
663.2,12,11,6,0
662.9,12,11,7,0
662.5,12,11,8,0
662.1,12,11,9,0
661.6,12,11,10,0
661.5,12,11,11,0
661.7,12,11,12,0
661.9,12,11,13,0
662.2,12,11,14,0
662.8,12,11,15,0
663.2,12,11,16,0
663.4,12,11,17,0
663.0,12,11,18,0
662.7,12,11,19,0
662.0,12,11,20,0
661.7,12,11,21,0
661.5,12,11,22,0
661.5,12,11,23,0
661.8,12,12,0,0
661.9,12,12,1,0
662.4,12,12,2,0
662.8,12,12,3,0
663.0,12,12,4,0
663.1,12,12,5,0
662.7,12,12,6,0
662.6,12,12,7,0
662.3,12,12,8,0
661.8,12,12,9,0
661.6,12,12,10,0
661.5,12,12,11,0
661.5,12,12,12,0
661.7,12,12,13,0
662.1,12,12,14,0
662.7,12,12,15,0
662.7,12,12,16,0
662.5,12,12,17,0
662.5,12,12,18,0
661.9,12,12,19,0
660.8,12,12,20,0
660.6,12,12,21,0
660.5,12,12,22,0
660.4,12,12,23,0
660.2,12,13,0,0
660.5,12,13,1,0
660.8,12,13,2,0
660.9,12,13,3,0
661.0,12,13,4,0
661.1,12,13,5,0
660.9,12,13,6,0
660.5,12,13,7,0
659.6,12,13,8,0
659.1,12,13,9,0
660.0,12,13,10,0
659.1,12,13,11,0
659.0,12,13,12,0
657.1,12,13,13,0
655.5,12,13,14,0
656.4,12,13,15,0
656.3,12,13,16,0
656.1,12,13,17,0
657.3,12,13,18,0
656.3,12,13,19,0
655.8,12,13,20,0
655.0,12,13,21,0
654.7,12,13,22,0
654.9,12,13,23,0
654.9,12,14,0,0
655.2,12,14,1,0
655.4,12,14,2,0
655.8,12,14,3,0
656.0,12,14,4,0
655.9,12,14,5,0
656.1,12,14,6,0
656.0,12,14,7,0
654.3,12,14,8,0
654.5,12,14,9,0
654.2,12,14,10,0
654.0,12,14,11,0
653.8,12,14,12,0
654.2,12,14,13,0
655.0,12,14,14,0
655.3,12,14,15,0
655.4,12,14,16,0
655.2,12,14,17,0
653.9,12,14,18,0
653.5,12,14,19,0
653.8,12,14,20,0
652.9,12,14,21,0
654.7,12,14,22,0
654.7,12,14,23,0
654.8,12,15,0,0
655.0,12,15,1,0
655.1,12,15,2,0
655.6,12,15,3,0
655.6,12,15,4,0
655.6,12,15,5,0
655.1,12,15,6,0
655.1,12,15,7,0
654.3,12,15,8,0
652.4,12,15,9,0
652.6,12,15,10,0
653.0,12,15,11,0
652.6,12,15,12,0
653.0,12,15,13,0
653.6,12,15,14,0
654.2,12,15,15,0
654.4,12,15,16,0
654.0,12,15,17,0
653.9,12,15,18,0
653.2,12,15,19,0
652.8,12,15,20,0
652.3,12,15,21,0
652.2,12,15,22,0
652.2,12,15,23,0
652.3,12,16,0,0
652.9,12,16,1,0
652.8,12,16,2,0
653.3,12,16,3,0
654.0,12,16,4,0
653.3,12,16,5,0
653.4,12,16,6,0
653.0,12,16,7,0
652.5,12,16,8,0
652.3,12,16,9,0
652.3,12,16,10,0
652.5,12,16,11,0
652.6,12,16,12,0
653.0,12,16,13,0
653.7,12,16,14,0
654.0,12,16,15,0
654.7,12,16,16,0
654.8,12,16,17,0
654.6,12,16,18,0
654.1,12,16,19,0
653.4,12,16,20,0
653.3,12,16,21,0
653.1,12,16,22,0
656.5,12,16,23,0
652.8,12,17,0,0
652.8,12,17,1,0
652.8,12,17,2,0
653.2,12,17,3,0
654.0,12,17,4,0
654.1,12,17,5,0
654.3,12,17,6,0
653.8,12,17,7,0
653.5,12,17,8,0
652.8,12,17,9,0
652.7,12,17,10,0
652.6,12,17,11,0
652.9,12,17,12,0
653.1,12,17,13,0
653.8,12,17,14,0
654.5,12,17,15,0
655.1,12,17,16,0
655.3,12,17,17,0
655.1,12,17,18,0
654.7,12,17,19,0
654.7,12,17,20,0
654.3,12,17,21,0
654.3,12,17,22,0
654.9,12,17,23,0
654.8,12,18,0,0
655.1,12,18,1,0
655.6,12,18,2,0
656.1,12,18,3,0
656.5,12,18,4,0
656.5,12,18,5,0
656.1,12,18,6,0
655.5,12,18,7,0
655.3,12,18,8,0
654.6,12,18,9,0
654.8,12,18,10,0
654.4,12,18,11,0
654.7,12,18,12,0
655.3,12,18,13,0
656.4,12,18,14,0
657.0,12,18,15,0
657.4,12,18,16,0
657.5,12,18,17,0
657.1,12,18,18,0
656.6,12,18,19,0
655.9,12,18,20,0
655.8,12,18,21,0
655.6,12,18,22,0
655.8,12,18,23,0
656.2,12,19,0,0
656.4,12,19,1,0
656.4,12,19,2,0
656.4,12,19,3,0
657.2,12,19,4,0
657.6,12,19,5,0
657.2,12,19,6,0
657.1,12,19,7,0
657.0,12,19,8,0
656.7,12,19,9,0
657.4,12,19,10,0
656.6,12,19,11,0
656.5,12,19,12,0
656.4,12,19,13,0
657.3,12,19,14,0
658.6,12,19,15,0
658.9,12,19,16,0
658.8,12,19,17,0
658.4,12,19,18,0
658.0,12,19,19,0
662.0,12,19,20,0
661.8,12,19,21,0
660.7,12,19,22,0
661.2,12,19,23,0
656.6,12,20,0,0
655.6,12,20,1,0
656.6,12,20,2,0
658.5,12,20,3,0
658.9,12,20,4,0
658.8,12,20,5,0
658.7,12,20,6,0
658.6,12,20,7,0
658.2,12,20,8,0
657.8,12,20,9,0
657.8,12,20,10,0
657.9,12,20,11,0
658.2,12,20,12,0
658.4,12,20,13,0
658.8,12,20,14,0
659.4,12,20,15,0
659.8,12,20,16,0
659.9,12,20,17,0
660.1,12,20,18,0
662.1,12,20,19,0
662.8,12,20,20,0
659.4,12,20,21,0
661.7,12,20,22,0
657.3,12,20,23,0
655.4,12,21,0,0
653.6,12,21,1,0
656.6,12,21,2,0
657.0,12,21,3,0
657.6,12,21,4,0
656.3,12,21,5,0
657.2,12,21,6,0
656.3,12,21,7,0
655.6,12,21,8,0
655.4,12,21,9,0
655.3,12,21,10,0
655.4,12,21,11,0
655.2,12,21,12,0
655.7,12,21,13,0
656.5,12,21,14,0
657.9,12,21,15,0
658.5,12,21,16,0
659.4,12,21,17,0
658.6,12,21,18,0
657.8,12,21,19,0
657.1,12,21,20,0
656.5,12,21,21,0
656.2,12,21,22,0
656.1,12,21,23,0
656.2,12,22,0,0
656.4,12,22,1,0
656.5,12,22,2,0
657.0,12,22,3,0
656.8,12,22,4,0
656.4,12,22,5,0
656.0,12,22,6,0
655.3,12,22,7,0
655.1,12,22,8,0
654.9,12,22,9,0
654.3,12,22,10,0
654.2,12,22,11,0
654.3,12,22,12,0
654.5,12,22,13,0
654.9,12,22,14,0
655.9,12,22,15,0
656.4,12,22,16,0
656.7,12,22,17,0
656.4,12,22,18,0
655.8,12,22,19,0
655.2,12,22,20,0
654.3,12,22,21,0
654.1,12,22,22,0
653.7,12,22,23,0
653.9,12,23,0,0
653.8,12,23,1,0
654.2,12,23,2,0
654.8,12,23,3,0
654.5,12,23,4,0
654.3,12,23,5,0
653.9,12,23,6,0
653.7,12,23,7,0
653.3,12,23,8,0
652.9,12,23,9,0
652.7,12,23,10,0
652.5,12,23,11,0
652.2,12,23,12,0
651.8,12,23,13,0
652.3,12,23,14,0
653.5,12,23,15,0
654.4,12,23,16,0
654.7,12,23,17,0
654.9,12,23,18,0
655.3,12,23,19,0
654.8,12,23,20,0
654.4,12,23,21,0
653.4,12,23,22,0
652.4,12,23,23,0
652.4,12,24,0,0
652.4,12,24,1,0
652.9,12,24,2,0
652.9,12,24,3,0
653.2,12,24,4,0
653.2,12,24,5,0
-99.0,12,24,6,0
652.5,12,24,7,0
651.9,12,24,8,0
652.0,12,24,9,0
651.8,12,24,10,0
651.5,12,24,11,0
651.7,12,24,12,0
652.0,12,24,13,0
653.2,12,24,14,0
655.5,12,24,15,0
658.3,12,24,16,0
658.8,12,24,17,0
656.6,12,24,18,0
655.9,12,24,19,0
655.3,12,24,20,0
654.9,12,24,21,0
654.7,12,24,22,0
654.9,12,24,23,0
655.0,12,25,0,0
655.4,12,25,1,0
655.8,12,25,2,0
656.0,12,25,3,0
656.3,12,25,4,0
656.4,12,25,5,0
656.1,12,25,6,0
655.6,12,25,7,0
655.4,12,25,8,0
654.8,12,25,9,0
652.3,12,25,10,0
652.1,12,25,11,0
651.9,12,25,12,0
651.6,12,25,13,0
652.8,12,25,14,0
655.7,12,25,15,0
657.4,12,25,16,0
659.5,12,25,17,0
661.5,12,25,18,0
657.1,12,25,19,0
657.1,12,25,20,0
659.4,12,25,21,0
657.0,12,25,22,0
657.3,12,25,23,0
654.3,12,26,0,0
652.6,12,26,1,0
652.0,12,26,2,0
652.0,12,26,3,0
651.3,12,26,4,0
651.5,12,26,5,0
651.4,12,26,6,0
650.7,12,26,7,0
649.9,12,26,8,0
649.2,12,26,9,0
648.9,12,26,10,0
648.4,12,26,11,0
647.9,12,26,12,0
647.9,12,26,13,0
649.4,12,26,14,0
655.0,12,26,15,0
663.4,12,26,16,0
675.7,12,26,17,0
684.3,12,26,18,0
678.5,12,26,19,0
667.6,12,26,20,0
662.4,12,26,21,0
660.5,12,26,22,0
658.6,12,26,23,0
650.5,12,27,0,0
646.3,12,27,1,0
645.2,12,27,2,0
645.9,12,27,3,0
645.7,12,27,4,0
644.7,12,27,5,0
643.1,12,27,6,0
643.9,12,27,7,0
643.4,12,27,8,0
642.9,12,27,9,0
642.1,12,27,10,0
645.3,12,27,11,0
643.9,12,27,12,0
644.6,12,27,13,0
644.6,12,27,14,0
648.2,12,27,15,0
654.7,12,27,16,0
664.3,12,27,17,0
670.1,12,27,18,0
672.9,12,27,19,0
672.7,12,27,20,0
670.9,12,27,21,0
672.5,12,27,22,0
668.1,12,27,23,0
655.9,12,28,0,0
645.9,12,28,1,0
642.8,12,28,2,0
642.6,12,28,3,0
642.7,12,28,4,0
642.1,12,28,5,0
642.9,12,28,6,0
641.3,12,28,7,0
640.2,12,28,8,0
639.8,12,28,9,0
641.3,12,28,10,0
641.4,12,28,11,0
641.9,12,28,12,0
641.6,12,28,13,0
641.6,12,28,14,0
648.8,12,28,15,0
664.8,12,28,16,0
681.4,12,28,17,0
690.1,12,28,18,0
683.7,12,28,19,0
683.2,12,28,20,0
681.3,12,28,21,0
679.3,12,28,22,0
669.8,12,28,23,0
656.5,12,29,0,0
647.4,12,29,1,0
645.6,12,29,2,0
645.5,12,29,3,0
644.9,12,29,4,0
644.7,12,29,5,0
644.7,12,29,6,0
644.1,12,29,7,0
644.1,12,29,8,0
644.1,12,29,9,0
645.0,12,29,10,0
645.1,12,29,11,0
645.5,12,29,12,0
645.0,12,29,13,0
646.2,12,29,14,0
651.4,12,29,15,0
660.2,12,29,16,0
670.6,12,29,17,0
678.2,12,29,18,0
680.3,12,29,19,0
679.7,12,29,20,0
678.3,12,29,21,0
673.6,12,29,22,0
672.3,12,29,23,0
663.3,12,30,0,0
651.7,12,30,1,0
648.2,12,30,2,0
648.4,12,30,3,0
649.7,12,30,4,0
649.4,12,30,5,0
647.9,12,30,6,0
647.9,12,30,7,0
648.8,12,30,8,0
647.8,12,30,9,0
648.1,12,30,10,0
647.4,12,30,11,0
649.3,12,30,12,0
647.9,12,30,13,0
652.0,12,30,14,0
656.8,12,30,15,0
663.4,12,30,16,0
669.4,12,30,17,0
674.5,12,30,18,0
676.4,12,30,19,0
670.9,12,30,20,0
660.3,12,30,21,0
660.4,12,30,22,0
655.0,12,30,23,0
653.1,12,31,0,0
651.4,12,31,1,0
649.3,12,31,2,0
647.4,12,31,3,0
648.5,12,31,4,0
647.3,12,31,5,0
646.9,12,31,6,0
646.7,12,31,7,0
650.0,12,31,8,0
644.7,12,31,9,0
644.6,12,31,10,0
645.3,12,31,11,0
645.8,12,31,12,0
645.0,12,31,13,0
646.7,12,31,14,0
652.4,12,31,15,0
656.0,12,31,16,0
661.4,12,31,17,0
667.1,12,31,18,0
666.6,12,31,19,0
671.1,12,31,20,0
669.8,12,31,21,0
671.7,12,31,22,0
669.4,12,31,23,0
