34.0,9,1,0
0.0,9,1,1
0.0,9,1,2
0.0,9,1,3
0.0,9,1,4
0.0,9,1,5
0.0,9,1,6
0.0,9,1,7
0.0,9,1,8
0.0,9,1,9
0.0,9,1,10
0.0,9,1,11
0.0,9,1,12
20.0,9,1,13
81.0,9,1,14
374.0,9,1,15
207.0,9,1,16
350.0,9,1,17
220.0,9,1,18
279.0,9,1,19
368.0,9,1,20
636.0,9,1,21
228.0,9,1,22
88.0,9,1,23
60.0,9,2,0
0.0,9,2,1
0.0,9,2,2
0.0,9,2,3
0.0,9,2,4
0.0,9,2,5
0.0,9,2,6
0.0,9,2,7
0.0,9,2,8
0.0,9,2,9
0.0,9,2,10
0.0,9,2,11
0.0,9,2,12
23.0,9,2,13
179.0,9,2,14
305.0,9,2,15
396.0,9,2,16
21.0,9,2,17
217.0,9,2,18
62.0,9,2,19
55.0,9,2,20
234.0,9,2,21
125.0,9,2,22
149.0,9,2,23
77.0,9,3,0
0.0,9,3,1
0.0,9,3,2
0.0,9,3,3
0.0,9,3,4
0.0,9,3,5
0.0,9,3,6
0.0,9,3,7
0.0,9,3,8
0.0,9,3,9
0.0,9,3,10
0.0,9,3,11
0.0,9,3,12
10.0,9,3,13
149.0,9,3,14
243.0,9,3,15
133.0,9,3,16
101.0,9,3,17
648.0,9,3,18
258.0,9,3,19
153.0,9,3,20
330.0,9,3,21
573.0,9,3,22
76.0,9,3,23
26.0,9,4,0
0.0,9,4,1
0.0,9,4,2
0.0,9,4,3
0.0,9,4,4
0.0,9,4,5
0.0,9,4,6
0.0,9,4,7
0.0,9,4,8
0.0,9,4,9
0.0,9,4,10
0.0,9,4,11
0.0,9,4,12
37.0,9,4,13
263.0,9,4,14
676.0,9,4,15
245.0,9,4,16
958.0,9,4,17
342.0,9,4,18
75.0,9,4,19
944.0,9,4,20
250.0,9,4,21
27.0,9,4,22
20.0,9,4,23
24.0,9,5,0
0.0,9,5,1
0.0,9,5,2
0.0,9,5,3
0.0,9,5,4
0.0,9,5,5
0.0,9,5,6
0.0,9,5,7
0.0,9,5,8
0.0,9,5,9
0.0,9,5,10
0.0,9,5,11
0.0,9,5,12
20.0,9,5,13
261.0,9,5,14
596.0,9,5,15
803.0,9,5,16
1090.0,9,5,17
368.0,9,5,18
101.0,9,5,19
116.0,9,5,20
197.0,9,5,21
119.0,9,5,22
61.0,9,5,23
23.0,9,6,0
0.0,9,6,1
0.0,9,6,2
0.0,9,6,3
0.0,9,6,4
0.0,9,6,5
0.0,9,6,6
0.0,9,6,7
0.0,9,6,8
0.0,9,6,9
0.0,9,6,10
0.0,9,6,11
0.0,9,6,12
39.0,9,6,13
237.0,9,6,14
509.0,9,6,15
700.0,9,6,16
956.0,9,6,17
918.0,9,6,18
320.0,9,6,19
227.0,9,6,20
533.0,9,6,21
200.0,9,6,22
333.0,9,6,23
31.0,9,7,0
0.0,9,7,1
0.0,9,7,2
0.0,9,7,3
0.0,9,7,4
0.0,9,7,5
0.0,9,7,6
-99.0,9,7,7
0.0,9,7,8
0.0,9,7,9
0.0,9,7,10
0.0,9,7,11
0.0,9,7,12
43.0,9,7,13
271.0,9,7,14
428.0,9,7,15
857.0,9,7,16
594.0,9,7,17
847.0,9,7,18
675.0,9,7,19
497.0,9,7,20
70.0,9,7,21
365.0,9,7,22
119.0,9,7,23
92.0,9,8,0
0.0,9,8,1
0.0,9,8,2
0.0,9,8,3
0.0,9,8,4
0.0,9,8,5
0.0,9,8,6
0.0,9,8,7
0.0,9,8,8
0.0,9,8,9
0.0,9,8,10
0.0,9,8,11
0.0,9,8,12
41.0,9,8,13
101.0,9,8,14
184.0,9,8,15
568.0,9,8,16
238.0,9,8,17
270.0,9,8,18
290.0,9,8,19
725.0,9,8,20
589.0,9,8,21
125.0,9,8,22
299.0,9,8,23
69.0,9,9,0
0.0,9,9,1
0.0,9,9,2
0.0,9,9,3
0.0,9,9,4
0.0,9,9,5
0.0,9,9,6
0.0,9,9,7
0.0,9,9,8
0.0,9,9,9
0.0,9,9,10
0.0,9,9,11
0.0,9,9,12
24.0,9,9,13
220.0,9,9,14
543.0,9,9,15
320.0,9,9,16
947.0,9,9,17
790.0,9,9,18
985.0,9,9,19
259.0,9,9,20
132.0,9,9,21
524.0,9,9,22
41.0,9,9,23
70.0,9,10,0
0.0,9,10,1
0.0,9,10,2
0.0,9,10,3
0.0,9,10,4
0.0,9,10,5
0.0,9,10,6
0.0,9,10,7
0.0,9,10,8
0.0,9,10,9
0.0,9,10,10
0.0,9,10,11
0.0,9,10,12
22.0,9,10,13
322.0,9,10,14
473.0,9,10,15
168.0,9,10,16
152.0,9,10,17
217.0,9,10,18
845.0,9,10,19
631.0,9,10,20
260.0,9,10,21
43.0,9,10,22
35.0,9,10,23
21.0,9,11,0
0.0,9,11,1
0.0,9,11,2
0.0,9,11,3
0.0,9,11,4
0.0,9,11,5
0.0,9,11,6
0.0,9,11,7
0.0,9,11,8
0.0,9,11,9
0.0,9,11,10
0.0,9,11,11
0.0,9,11,12
20.0,9,11,13
289.0,9,11,14
408.0,9,11,15
420.0,9,11,16
1006.0,9,11,17
434.0,9,11,18
897.0,9,11,19
82.0,9,11,20
92.0,9,11,21
137.0,9,11,22
289.0,9,11,23
58.0,9,12,0
0.0,9,12,1
0.0,9,12,2
0.0,9,12,3
0.0,9,12,4
0.0,9,12,5
0.0,9,12,6
0.0,9,12,7
0.0,9,12,8
0.0,9,12,9
0.0,9,12,10
0.0,9,12,11
0.0,9,12,12
38.0,9,12,13
175.0,9,12,14
457.0,9,12,15
696.0,9,12,16
558.0,9,12,17
118.0,9,12,18
68.0,9,12,19
817.0,9,12,20
370.0,9,12,21
631.0,9,12,22
188.0,9,12,23
25.0,9,13,0
0.0,9,13,1
0.0,9,13,2
0.0,9,13,3
0.0,9,13,4
0.0,9,13,5
0.0,9,13,6
0.0,9,13,7
0.0,9,13,8
0.0,9,13,9
0.0,9,13,10
0.0,9,13,11
0.0,9,13,12
24.0,9,13,13
79.0,9,13,14
328.0,9,13,15
984.0,9,13,16
229.0,9,13,17
162.0,9,13,18
33.0,9,13,19
120.0,9,13,20
325.0,9,13,21
253.0,9,13,22
88.0,9,13,23
23.0,9,14,0
0.0,9,14,1
0.0,9,14,2
0.0,9,14,3
0.0,9,14,4
0.0,9,14,5
0.0,9,14,6
0.0,9,14,7
0.0,9,14,8
0.0,9,14,9
0.0,9,14,10
0.0,9,14,11
0.0,9,14,12
43.0,9,14,13
142.0,9,14,14
238.0,9,14,15
340.0,9,14,16
300.0,9,14,17
731.0,9,14,18
114.0,9,14,19
124.0,9,14,20
166.0,9,14,21
124.0,9,14,22
94.0,9,14,23
59.0,9,15,0
0.0,9,15,1
0.0,9,15,2
0.0,9,15,3
0.0,9,15,4
0.0,9,15,5
0.0,9,15,6
0.0,9,15,7
0.0,9,15,8
0.0,9,15,9
0.0,9,15,10
0.0,9,15,11
0.0,9,15,12
40.0,9,15,13
255.0,9,15,14
318.0,9,15,15
95.0,9,15,16
712.0,9,15,17
263.0,9,15,18
208.0,9,15,19
263.0,9,15,20
282.0,9,15,21
68.0,9,15,22
88.0,9,15,23
16.0,9,16,0
0.0,9,16,1
0.0,9,16,2
0.0,9,16,3
0.0,9,16,4
0.0,9,16,5
0.0,9,16,6
0.0,9,16,7
0.0,9,16,8
0.0,9,16,9
0.0,9,16,10
0.0,9,16,11
0.0,9,16,12
26.0,9,16,13
295.0,9,16,14
201.0,9,16,15
147.0,9,16,16
70.0,9,16,17
120.0,9,16,18
265.0,9,16,19
140.0,9,16,20
105.0,9,16,21
60.0,9,16,22
56.0,9,16,23
139.0,9,17,0
0.0,9,17,1
0.0,9,17,2
0.0,9,17,3
0.0,9,17,4
0.0,9,17,5
0.0,9,17,6
0.0,9,17,7
0.0,9,17,8
0.0,9,17,9
0.0,9,17,10
0.0,9,17,11
0.0,9,17,12
28.0,9,17,13
128.0,9,17,14
298.0,9,17,15
172.0,9,17,16
142.0,9,17,17
141.0,9,17,18
201.0,9,17,19
99.0,9,17,20
121.0,9,17,21
123.0,9,17,22
8.0,9,17,23
21.0,9,18,0
0.0,9,18,1
0.0,9,18,2
0.0,9,18,3
0.0,9,18,4
0.0,9,18,5
0.0,9,18,6
0.0,9,18,7
0.0,9,18,8
0.0,9,18,9
0.0,9,18,10
0.0,9,18,11
0.0,9,18,12
25.0,9,18,13
274.0,9,18,14
495.0,9,18,15
963.0,9,18,16
369.0,9,18,17
95.0,9,18,18
146.0,9,18,19
643.0,9,18,20
268.0,9,18,21
38.0,9,18,22
16.0,9,18,23
60.0,9,19,0
0.0,9,19,1
0.0,9,19,2
0.0,9,19,3
0.0,9,19,4
0.0,9,19,5
0.0,9,19,6
-99.0,9,19,7
0.0,9,19,8
0.0,9,19,9
0.0,9,19,10
0.0,9,19,11
0.0,9,19,12
19.0,9,19,13
301.0,9,19,14
610.0,9,19,15
107.0,9,19,16
168.0,9,19,17
226.0,9,19,18
373.0,9,19,19
173.0,9,19,20
771.0,9,19,21
831.0,9,19,22
193.0,9,19,23
-99.0,9,20,0
-99.0,9,20,1
-99.0,9,20,2
-99.0,9,20,3
-99.0,9,20,4
0.0,9,20,5
0.0,9,20,6
0.0,9,20,7
0.0,9,20,8
0.0,9,20,9
0.0,9,20,10
0.0,9,20,11
0.0,9,20,12
18.0,9,20,13
-99.0,9,20,14
551.0,9,20,15
994.0,9,20,16
191.0,9,20,17
285.0,9,20,18
278.0,9,20,19
519.0,9,20,20
260.0,9,20,21
43.0,9,20,22
4.0,9,20,23
5.0,9,21,0
0.0,9,21,1
0.0,9,21,2
0.0,9,21,3
0.0,9,21,4
0.0,9,21,5
0.0,9,21,6
0.0,9,21,7
0.0,9,21,8
0.0,9,21,9
0.0,9,21,10
0.0,9,21,11
0.0,9,21,12
29.0,9,21,13
256.0,9,21,14
652.0,9,21,15
232.0,9,21,16
230.0,9,21,17
205.0,9,21,18
198.0,9,21,19
756.0,9,21,20
317.0,9,21,21
238.0,9,21,22
102.0,9,21,23
45.0,9,22,0
0.0,9,22,1
0.0,9,22,2
0.0,9,22,3
0.0,9,22,4
0.0,9,22,5
0.0,9,22,6
0.0,9,22,7
0.0,9,22,8
0.0,9,22,9
0.0,9,22,10
0.0,9,22,11
0.0,9,22,12
38.0,9,22,13
-99.0,9,22,14
-99.0,9,22,15
-99.0,9,22,16
-99.0,9,22,17
800.0,9,22,18
294.0,9,22,19
579.0,9,22,20
380.0,9,22,21
604.0,9,22,22
122.0,9,22,23
83.0,9,23,0
0.0,9,23,1
0.0,9,23,2
0.0,9,23,3
0.0,9,23,4
0.0,9,23,5
0.0,9,23,6
0.0,9,23,7
0.0,9,23,8
0.0,9,23,9
0.0,9,23,10
0.0,9,23,11
0.0,9,23,12
24.0,9,23,13
281.0,9,23,14
559.0,9,23,15
804.0,9,23,16
338.0,9,23,17
324.0,9,23,18
633.0,9,23,19
233.0,9,23,20
112.0,9,23,21
530.0,9,23,22
-99.0,9,23,23
-99.0,9,24,0
0.0,9,24,1
0.0,9,24,2
0.0,9,24,3
0.0,9,24,4
-99.0,9,24,5
-99.0,9,24,6
-99.0,9,24,7
0.0,9,24,8
0.0,9,24,9
0.0,9,24,10
0.0,9,24,11
0.0,9,24,12
28.0,9,24,13
284.0,9,24,14
149.0,9,24,15
205.0,9,24,16
526.0,9,24,17
188.0,9,24,18
274.0,9,24,19
903.0,9,24,20
620.0,9,24,21
417.0,9,24,22
196.0,9,24,23
48.0,9,25,0
0.0,9,25,1
0.0,9,25,2
-99.0,9,25,3
-99.0,9,25,4
-99.0,9,25,5
0.0,9,25,6
-99.0,9,25,7
-99.0,9,25,8
-99.0,9,25,9
0.0,9,25,10
0.0,9,25,11
0.0,9,25,12
-99.0,9,25,13
78.0,9,25,14
-99.0,9,25,15
-99.0,9,25,16
210.0,9,25,17
162.0,9,25,18
128.0,9,25,19
-99.0,9,25,20
-99.0,9,25,21
328.0,9,25,22
14.0,9,25,23
3.0,9,26,0
0.0,9,26,1
0.0,9,26,2
-99.0,9,26,3
0.0,9,26,4
0.0,9,26,5
0.0,9,26,6
0.0,9,26,7
0.0,9,26,8
0.0,9,26,9
0.0,9,26,10
0.0,9,26,11
0.0,9,26,12
36.0,9,26,13
86.0,9,26,14
260.0,9,26,15
200.0,9,26,16
244.0,9,26,17
198.0,9,26,18
373.0,9,26,19
274.0,9,26,20
126.0,9,26,21
284.0,9,26,22
141.0,9,26,23
41.0,9,27,0
0.0,9,27,1
0.0,9,27,2
0.0,9,27,3
0.0,9,27,4
0.0,9,27,5
0.0,9,27,6
0.0,9,27,7
0.0,9,27,8
0.0,9,27,9
0.0,9,27,10
0.0,9,27,11
0.0,9,27,12
20.0,9,27,13
161.0,9,27,14
558.0,9,27,15
851.0,9,27,16
118.0,9,27,17
315.0,9,27,18
195.0,9,27,19
354.0,9,27,20
696.0,9,27,21
187.0,9,27,22
97.0,9,27,23
28.0,9,28,0
0.0,9,28,1
0.0,9,28,2
0.0,9,28,3
0.0,9,28,4
0.0,9,28,5
0.0,9,28,6
0.0,9,28,7
0.0,9,28,8
0.0,9,28,9
0.0,9,28,10
0.0,9,28,11
-99.0,9,28,12
5.0,9,28,13
48.0,9,28,14
308.0,9,28,15
194.0,9,28,16
205.0,9,28,17
220.0,9,28,18
373.0,9,28,19
225.0,9,28,20
77.0,9,28,21
98.0,9,28,22
52.0,9,28,23
15.0,9,29,0
0.0,9,29,1
0.0,9,29,2
0.0,9,29,3
0.0,9,29,4
0.0,9,29,5
0.0,9,29,6
0.0,9,29,7
0.0,9,29,8
0.0,9,29,9
0.0,9,29,10
0.0,9,29,11
0.0,9,29,12
3.0,9,29,13
76.0,9,29,14
-99.0,9,29,15
367.0,9,29,16
615.0,9,29,17
695.0,9,29,18
175.0,9,29,19
-99.0,9,29,20
186.0,9,29,21
-99.0,9,29,22
54.0,9,29,23
-99.0,9,30,0
-99.0,9,30,1
-99.0,9,30,2
-99.0,9,30,3
-99.0,9,30,4
-99.0,9,30,5
-99.0,9,30,6
0.0,9,30,7
-99.0,9,30,8
-99.0,9,30,9
-99.0,9,30,10
0.0,9,30,11
0.0,9,30,12
-99.0,9,30,13
-99.0,9,30,14
-99.0,9,30,15
-99.0,9,30,16
487.0,9,30,17
428.0,9,30,18
-99.0,9,30,19
-99.0,9,30,20
-99.0,9,30,21
19.0,9,30,22
85.0,9,30,23
