19.0,10,1,0
0.0,10,1,1
0.0,10,1,2
0.0,10,1,3
0.0,10,1,4
0.0,10,1,5
0.0,10,1,6
0.0,10,1,7
0.0,10,1,8
0.0,10,1,9
0.0,10,1,10
0.0,10,1,11
0.0,10,1,12
23.0,10,1,13
130.0,10,1,14
217.0,10,1,15
305.0,10,1,16
365.0,10,1,17
370.0,10,1,18
1022.0,10,1,19
58.0,10,1,20
50.0,10,1,21
125.0,10,1,22
45.0,10,1,23
23.0,10,2,0
0.0,10,2,1
0.0,10,2,2
0.0,10,2,3
0.0,10,2,4
0.0,10,2,5
0.0,10,2,6
0.0,10,2,7
0.0,10,2,8
0.0,10,2,9
0.0,10,2,10
0.0,10,2,11
0.0,10,2,12
10.0,10,2,13
29.0,10,2,14
33.0,10,2,15
54.0,10,2,16
46.0,10,2,17
1067.0,10,2,18
1036.0,10,2,19
938.0,10,2,20
772.0,10,2,21
517.0,10,2,22
302.0,10,2,23
20.0,10,3,0
0.0,10,3,1
0.0,10,3,2
0.0,10,3,3
0.0,10,3,4
0.0,10,3,5
0.0,10,3,6
0.0,10,3,7
0.0,10,3,8
0.0,10,3,9
0.0,10,3,10
0.0,10,3,11
0.0,10,3,12
10.0,10,3,13
29.0,10,3,14
33.0,10,3,15
40.0,10,3,16
52.0,10,3,17
1025.0,10,3,18
1011.0,10,3,19
911.0,10,3,20
755.0,10,3,21
501.0,10,3,22
288.0,10,3,23
26.0,10,4,0
0.0,10,4,1
0.0,10,4,2
0.0,10,4,3
0.0,10,4,4
0.0,10,4,5
0.0,10,4,6
0.0,10,4,7
0.0,10,4,8
0.0,10,4,9
0.0,10,4,10
0.0,10,4,11
0.0,10,4,12
17.0,10,4,13
49.0,10,4,14
64.0,10,4,15
78.0,10,4,16
84.0,10,4,17
990.0,10,4,18
982.0,10,4,19
881.0,10,4,20
780.0,10,4,21
503.0,10,4,22
266.0,10,4,23
13.0,10,5,0
0.0,10,5,1
0.0,10,5,2
0.0,10,5,3
0.0,10,5,4
0.0,10,5,5
0.0,10,5,6
0.0,10,5,7
0.0,10,5,8
0.0,10,5,9
0.0,10,5,10
0.0,10,5,11
0.0,10,5,12
13.0,10,5,13
37.0,10,5,14
46.0,10,5,15
166.0,10,5,16
188.0,10,5,17
668.0,10,5,18
966.0,10,5,19
641.0,10,5,20
96.0,10,5,21
519.0,10,5,22
109.0,10,5,23
95.0,10,6,0
0.0,10,6,1
0.0,10,6,2
0.0,10,6,3
0.0,10,6,4
0.0,10,6,5
0.0,10,6,6
0.0,10,6,7
0.0,10,6,8
0.0,10,6,9
0.0,10,6,10
0.0,10,6,11
0.0,10,6,12
10.0,10,6,13
27.0,10,6,14
36.0,10,6,15
43.0,10,6,16
47.0,10,6,17
1062.0,10,6,18
1041.0,10,6,19
936.0,10,6,20
770.0,10,6,21
522.0,10,6,22
168.0,10,6,23
14.0,10,7,0
0.0,10,7,1
0.0,10,7,2
0.0,10,7,3
0.0,10,7,4
0.0,10,7,5
0.0,10,7,6
0.0,10,7,7
0.0,10,7,8
0.0,10,7,9
0.0,10,7,10
0.0,10,7,11
0.0,10,7,12
10.0,10,7,13
36.0,10,7,14
32.0,10,7,15
40.0,10,7,16
54.0,10,7,17
887.0,10,7,18
1107.0,10,7,19
775.0,10,7,20
449.0,10,7,21
115.0,10,7,22
284.0,10,7,23
21.0,10,8,0
0.0,10,8,1
0.0,10,8,2
0.0,10,8,3
0.0,10,8,4
0.0,10,8,5
0.0,10,8,6
0.0,10,8,7
0.0,10,8,8
0.0,10,8,9
0.0,10,8,10
0.0,10,8,11
0.0,10,8,12
13.0,10,8,13
51.0,10,8,14
43.0,10,8,15
217.0,10,8,16
281.0,10,8,17
140.0,10,8,18
809.0,10,8,19
974.0,10,8,20
214.0,10,8,21
154.0,10,8,22
36.0,10,8,23
8.0,10,9,0
0.0,10,9,1
0.0,10,9,2
0.0,10,9,3
0.0,10,9,4
0.0,10,9,5
0.0,10,9,6
0.0,10,9,7
0.0,10,9,8
0.0,10,9,9
0.0,10,9,10
0.0,10,9,11
0.0,10,9,12
15.0,10,9,13
55.0,10,9,14
137.0,10,9,15
194.0,10,9,16
307.0,10,9,17
401.0,10,9,18
386.0,10,9,19
145.0,10,9,20
121.0,10,9,21
91.0,10,9,22
28.0,10,9,23
0.0,10,10,0
0.0,10,10,1
0.0,10,10,2
0.0,10,10,3
0.0,10,10,4
0.0,10,10,5
0.0,10,10,6
0.0,10,10,7
0.0,10,10,8
0.0,10,10,9
0.0,10,10,10
0.0,10,10,11
0.0,10,10,12
14.0,10,10,13
45.0,10,10,14
34.0,10,10,15
41.0,10,10,16
51.0,10,10,17
1022.0,10,10,18
996.0,10,10,19
543.0,10,10,20
750.0,10,10,21
598.0,10,10,22
38.0,10,10,23
0.0,10,11,0
0.0,10,11,1
0.0,10,11,2
0.0,10,11,3
0.0,10,11,4
0.0,10,11,5
0.0,10,11,6
0.0,10,11,7
0.0,10,11,8
0.0,10,11,9
0.0,10,11,10
0.0,10,11,11
0.0,10,11,12
11.0,10,11,13
35.0,10,11,14
37.0,10,11,15
71.0,10,11,16
88.0,10,11,17
335.0,10,11,18
843.0,10,11,19
379.0,10,11,20
805.0,10,11,21
349.0,10,11,22
135.0,10,11,23
10.0,10,12,0
0.0,10,12,1
0.0,10,12,2
0.0,10,12,3
0.0,10,12,4
0.0,10,12,5
0.0,10,12,6
0.0,10,12,7
0.0,10,12,8
0.0,10,12,9
0.0,10,12,10
0.0,10,12,11
0.0,10,12,12
12.0,10,12,13
40.0,10,12,14
42.0,10,12,15
52.0,10,12,16
147.0,10,12,17
632.0,10,12,18
453.0,10,12,19
489.0,10,12,20
96.0,10,12,21
137.0,10,12,22
49.0,10,12,23
8.0,10,13,0
0.0,10,13,1
0.0,10,13,2
0.0,10,13,3
0.0,10,13,4
0.0,10,13,5
0.0,10,13,6
0.0,10,13,7
0.0,10,13,8
0.0,10,13,9
0.0,10,13,10
0.0,10,13,11
0.0,10,13,12
19.0,10,13,13
47.0,10,13,14
38.0,10,13,15
55.0,10,13,16
79.0,10,13,17
816.0,10,13,18
861.0,10,13,19
390.0,10,13,20
87.0,10,13,21
52.0,10,13,22
113.0,10,13,23
7.0,10,14,0
0.0,10,14,1
0.0,10,14,2
0.0,10,14,3
0.0,10,14,4
0.0,10,14,5
0.0,10,14,6
0.0,10,14,7
0.0,10,14,8
0.0,10,14,9
0.0,10,14,10
0.0,10,14,11
0.0,10,14,12
12.0,10,14,13
73.0,10,14,14
43.0,10,14,15
53.0,10,14,16
173.0,10,14,17
797.0,10,14,18
858.0,10,14,19
435.0,10,14,20
75.0,10,14,21
66.0,10,14,22
36.0,10,14,23
3.0,10,15,0
0.0,10,15,1
0.0,10,15,2
0.0,10,15,3
0.0,10,15,4
0.0,10,15,5
0.0,10,15,6
0.0,10,15,7
0.0,10,15,8
0.0,10,15,9
0.0,10,15,10
0.0,10,15,11
0.0,10,15,12
12.0,10,15,13
28.0,10,15,14
41.0,10,15,15
58.0,10,15,16
272.0,10,15,17
346.0,10,15,18
217.0,10,15,19
414.0,10,15,20
18.0,10,15,21
64.0,10,15,22
55.0,10,15,23
2.0,10,16,0
0.0,10,16,1
0.0,10,16,2
0.0,10,16,3
0.0,10,16,4
0.0,10,16,5
0.0,10,16,6
0.0,10,16,7
0.0,10,16,8
0.0,10,16,9
0.0,10,16,10
0.0,10,16,11
0.0,10,16,12
13.0,10,16,13
33.0,10,16,14
44.0,10,16,15
73.0,10,16,16
119.0,10,16,17
624.0,10,16,18
616.0,10,16,19
491.0,10,16,20
449.0,10,16,21
62.0,10,16,22
58.0,10,16,23
3.0,10,17,0
0.0,10,17,1
0.0,10,17,2
0.0,10,17,3
0.0,10,17,4
0.0,10,17,5
0.0,10,17,6
0.0,10,17,7
0.0,10,17,8
0.0,10,17,9
0.0,10,17,10
0.0,10,17,11
0.0,10,17,12
23.0,10,17,13
72.0,10,17,14
104.0,10,17,15
231.0,10,17,16
154.0,10,17,17
593.0,10,17,18
466.0,10,17,19
596.0,10,17,20
385.0,10,17,21
232.0,10,17,22
110.0,10,17,23
0.0,10,18,0
0.0,10,18,1
0.0,10,18,2
0.0,10,18,3
0.0,10,18,4
0.0,10,18,5
0.0,10,18,6
0.0,10,18,7
0.0,10,18,8
0.0,10,18,9
0.0,10,18,10
0.0,10,18,11
0.0,10,18,12
12.0,10,18,13
32.0,10,18,14
79.0,10,18,15
95.0,10,18,16
177.0,10,18,17
670.0,10,18,18
404.0,10,18,19
709.0,10,18,20
762.0,10,18,21
196.0,10,18,22
92.0,10,18,23
6.0,10,19,0
0.0,10,19,1
0.0,10,19,2
0.0,10,19,3
0.0,10,19,4
0.0,10,19,5
0.0,10,19,6
0.0,10,19,7
0.0,10,19,8
0.0,10,19,9
0.0,10,19,10
0.0,10,19,11
0.0,10,19,12
14.0,10,19,13
91.0,10,19,14
142.0,10,19,15
242.0,10,19,16
278.0,10,19,17
284.0,10,19,18
760.0,10,19,19
781.0,10,19,20
201.0,10,19,21
144.0,10,19,22
66.0,10,19,23
4.0,10,20,0
0.0,10,20,1
0.0,10,20,2
0.0,10,20,3
0.0,10,20,4
0.0,10,20,5
0.0,10,20,6
0.0,10,20,7
0.0,10,20,8
0.0,10,20,9
0.0,10,20,10
0.0,10,20,11
0.0,10,20,12
16.0,10,20,13
62.0,10,20,14
90.0,10,20,15
115.0,10,20,16
116.0,10,20,17
687.0,10,20,18
921.0,10,20,19
788.0,10,20,20
299.0,10,20,21
137.0,10,20,22
144.0,10,20,23
0.0,10,21,0
0.0,10,21,1
0.0,10,21,2
0.0,10,21,3
0.0,10,21,4
0.0,10,21,5
0.0,10,21,6
0.0,10,21,7
1.0,10,21,8
0.0,10,21,9
0.0,10,21,10
2.0,10,21,11
0.0,10,21,12
25.0,10,21,13
71.0,10,21,14
194.0,10,21,15
256.0,10,21,16
340.0,10,21,17
764.0,10,21,18
378.0,10,21,19
271.0,10,21,20
341.0,10,21,21
165.0,10,21,22
241.0,10,21,23
0.0,10,22,0
0.0,10,22,1
0.0,10,22,2
0.0,10,22,3
0.0,10,22,4
0.0,10,22,5
0.0,10,22,6
0.0,10,22,7
0.0,10,22,8
0.0,10,22,9
0.0,10,22,10
0.0,10,22,11
0.0,10,22,12
7.0,10,22,13
82.0,10,22,14
193.0,10,22,15
197.0,10,22,16
249.0,10,22,17
103.0,10,22,18
385.0,10,22,19
153.0,10,22,20
256.0,10,22,21
83.0,10,22,22
62.0,10,22,23
0.0,10,23,0
0.0,10,23,1
0.0,10,23,2
0.0,10,23,3
0.0,10,23,4
0.0,10,23,5
0.0,10,23,6
0.0,10,23,7
0.0,10,23,8
0.0,10,23,9
0.0,10,23,10
0.0,10,23,11
0.0,10,23,12
14.0,10,23,13
45.0,10,23,14
41.0,10,23,15
91.0,10,23,16
161.0,10,23,17
348.0,10,23,18
541.0,10,23,19
681.0,10,23,20
305.0,10,23,21
80.0,10,23,22
154.0,10,23,23
5.0,10,24,0
0.0,10,24,1
0.0,10,24,2
0.0,10,24,3
0.0,10,24,4
0.0,10,24,5
0.0,10,24,6
0.0,10,24,7
0.0,10,24,8
0.0,10,24,9
0.0,10,24,10
0.0,10,24,11
0.0,10,24,12
15.0,10,24,13
71.0,10,24,14
57.0,10,24,15
178.0,10,24,16
287.0,10,24,17
342.0,10,24,18
449.0,10,24,19
210.0,10,24,20
167.0,10,24,21
130.0,10,24,22
35.0,10,24,23
0.0,10,25,0
0.0,10,25,1
0.0,10,25,2
0.0,10,25,3
0.0,10,25,4
0.0,10,25,5
0.0,10,25,6
0.0,10,25,7
0.0,10,25,8
0.0,10,25,9
0.0,10,25,10
0.0,10,25,11
0.0,10,25,12
20.0,10,25,13
53.0,10,25,14
99.0,10,25,15
183.0,10,25,16
252.0,10,25,17
178.0,10,25,18
216.0,10,25,19
116.0,10,25,20
102.0,10,25,21
32.0,10,25,22
6.0,10,25,23
0.0,10,26,0
0.0,10,26,1
0.0,10,26,2
0.0,10,26,3
0.0,10,26,4
0.0,10,26,5
0.0,10,26,6
0.0,10,26,7
0.0,10,26,8
0.0,10,26,9
0.0,10,26,10
0.0,10,26,11
0.0,10,26,12
20.0,10,26,13
24.0,10,26,14
49.0,10,26,15
120.0,10,26,16
249.0,10,26,17
424.0,10,26,18
252.0,10,26,19
168.0,10,26,20
52.0,10,26,21
44.0,10,26,22
25.0,10,26,23
1.0,10,27,0
0.0,10,27,1
0.0,10,27,2
0.0,10,27,3
0.0,10,27,4
0.0,10,27,5
0.0,10,27,6
0.0,10,27,7
0.0,10,27,8
0.0,10,27,9
0.0,10,27,10
0.0,10,27,11
0.0,10,27,12
8.0,10,27,13
71.0,10,27,14
209.0,10,27,15
221.0,10,27,16
248.0,10,27,17
512.0,10,27,18
477.0,10,27,19
237.0,10,27,20
116.0,10,27,21
209.0,10,27,22
42.0,10,27,23
3.0,10,28,0
0.0,10,28,1
0.0,10,28,2
0.0,10,28,3
0.0,10,28,4
0.0,10,28,5
0.0,10,28,6
0.0,10,28,7
0.0,10,28,8
0.0,10,28,9
0.0,10,28,10
0.0,10,28,11
0.0,10,28,12
14.0,10,28,13
48.0,10,28,14
60.0,10,28,15
109.0,10,28,16
138.0,10,28,17
413.0,10,28,18
536.0,10,28,19
203.0,10,28,20
55.0,10,28,21
31.0,10,28,22
2.0,10,28,23
0.0,10,29,0
0.0,10,29,1
0.0,10,29,2
0.0,10,29,3
0.0,10,29,4
0.0,10,29,5
0.0,10,29,6
0.0,10,29,7
0.0,10,29,8
0.0,10,29,9
0.0,10,29,10
0.0,10,29,11
0.0,10,29,12
14.0,10,29,13
34.0,10,29,14
37.0,10,29,15
46.0,10,29,16
52.0,10,29,17
559.0,10,29,18
672.0,10,29,19
272.0,10,29,20
480.0,10,29,21
411.0,10,29,22
146.0,10,29,23
0.0,10,30,0
0.0,10,30,1
0.0,10,30,2
0.0,10,30,3
0.0,10,30,4
0.0,10,30,5
0.0,10,30,6
0.0,10,30,7
0.0,10,30,8
0.0,10,30,9
0.0,10,30,10
0.0,10,30,11
0.0,10,30,12
9.0,10,30,13
32.0,10,30,14
154.0,10,30,15
146.0,10,30,16
142.0,10,30,17
186.0,10,30,18
546.0,10,30,19
316.0,10,30,20
249.0,10,30,21
309.0,10,30,22
69.0,10,30,23
1.0,10,31,0
0.0,10,31,1
0.0,10,31,2
0.0,10,31,3
0.0,10,31,4
0.0,10,31,5
0.0,10,31,6
0.0,10,31,7
0.0,10,31,8
0.0,10,31,9
0.0,10,31,10
0.0,10,31,11
0.0,10,31,12
6.0,10,31,13
41.0,10,31,14
87.0,10,31,15
99.0,10,31,16
338.0,10,31,17
468.0,10,31,18
716.0,10,31,19
163.0,10,31,20
108.0,10,31,21
64.0,10,31,22
51.0,10,31,23
