313.0,1,0,0.0
308.0,1,1,1.0
321.0,1,2,2.0
295.0,1,3,3.0
194.0,1,4,4.0
251.0,1,5,5.0
254.0,1,6,6.0
263.0,1,7,7.0
162.0,1,8,8.0
122.0,1,9,9.0
146.0,1,10,10.0
107.0,1,11,11.0
95.0,1,12,12.0
112.0,1,13,13.0
112.0,1,14,14.0
99.0,1,15,15.0
103.0,1,16,16.0
122.0,1,17,17.0
132.0,1,18,18.0
128.0,1,19,19.0
173.0,1,20,20.0
173.0,1,21,21.0
175.0,1,22,22.0
195.0,1,23,23.0
256.0,1,24,0.0
252.0,1,25,1.0
251.0,1,26,2.0
261.0,1,27,3.0
264.0,1,28,4.0
258.0,1,29,5.0
263.0,1,30,6.0
253.0,1,31,7.0
152.0,1,32,8.0
110.0,1,33,9.0
113.0,1,34,10.0
113.0,1,35,11.0
135.0,1,36,12.0
126.0,1,37,13.0
124.0,1,38,14.0
136.0,1,39,15.0
170.0,1,40,16.0
202.0,1,41,17.0
192.0,1,42,18.0
159.0,1,43,19.0
144.0,1,44,20.0
108.0,1,45,21.0
126.0,1,46,22.0
105.0,1,47,23.0
121.0,1,48,0.0
110.0,1,49,1.0
108.0,1,50,2.0
121.0,1,51,3.0
132.0,1,52,4.0
164.0,1,53,5.0
57.0,1,54,6.0
255.0,1,55,7.0
290.0,1,56,8.0
84.0,1,57,9.0
114.0,1,58,10.0
159.0,1,59,11.0
187.0,1,60,12.0
-99.0,1,61,13.0
-99.0,1,62,14.0
205.0,1,63,15.0
229.0,1,64,16.0
239.0,1,65,17.0
264.0,1,66,18.0
151.0,1,67,19.0
144.0,1,68,20.0
168.0,1,69,21.0
268.0,1,70,22.0
279.0,1,71,23.0
253.0,1,72,0.0
244.0,1,73,1.0
252.0,1,74,2.0
260.0,1,75,3.0
254.0,1,76,4.0
235.0,1,77,5.0
266.0,1,78,6.0
276.0,1,79,7.0
269.0,1,80,8.0
70.0,1,81,9.0
259.0,1,82,10.0
307.0,1,83,11.0
334.0,1,84,12.0
330.0,1,85,13.0
336.0,1,86,14.0
346.0,1,87,15.0
351.0,1,88,16.0
336.0,1,89,17.0
329.0,1,90,18.0
326.0,1,91,19.0
326.0,1,92,20.0
330.0,1,93,21.0
330.0,1,94,22.0
327.0,1,95,23.0
327.0,1,96,0.0
-99.0,1,97,1.0
-99.0,1,98,2.0
-99.0,1,99,3.0
-99.0,1,100,4.0
-99.0,1,101,5.0
-99.0,1,102,6.0
-99.0,1,103,7.0
-99.0,1,104,8.0
-99.0,1,105,9.0
309.0,1,106,10.0
298.0,1,107,11.0
309.0,1,108,12.0
336.0,1,109,13.0
323.0,1,110,14.0
338.0,1,111,15.0
331.0,1,112,16.0
313.0,1,113,17.0
311.0,1,114,18.0
321.0,1,115,19.0
317.0,1,116,20.0
320.0,1,117,21.0
320.0,1,118,22.0
327.0,1,119,23.0
318.0,1,120,0.0
337.0,1,121,1.0
328.0,1,122,2.0
339.0,1,123,3.0
333.0,1,124,4.0
345.0,1,125,5.0
336.0,1,126,6.0
332.0,1,127,7.0
330.0,1,128,8.0
341.0,1,129,9.0
315.0,1,130,10.0
304.0,1,131,11.0
-99.0,1,132,12.0
-99.0,1,133,13.0
-99.0,1,134,14.0
-99.0,1,135,15.0
354.0,1,136,16.0
354.0,1,137,17.0
354.0,1,138,18.0
336.0,1,139,19.0
328.0,1,140,20.0
-99.0,1,141,21.0
326.0,1,142,22.0
316.0,1,143,23.0
317.0,1,144,0.0
348.0,1,145,1.0
346.0,1,146,2.0
345.0,1,147,3.0
340.0,1,148,4.0
337.0,1,149,5.0
340.0,1,150,6.0
342.0,1,151,7.0
350.0,1,152,8.0
346.0,1,153,9.0
342.0,1,154,10.0
326.0,1,155,11.0
10.0,1,156,12.0
340.0,1,157,13.0
333.0,1,158,14.0
343.0,1,159,15.0
350.0,1,160,16.0
346.0,1,161,17.0
338.0,1,162,18.0
337.0,1,163,19.0
328.0,1,164,20.0
326.0,1,165,21.0
328.0,1,166,22.0
331.0,1,167,23.0
347.0,1,168,0.0
345.0,1,169,1.0
344.0,1,170,2.0
348.0,1,171,3.0
341.0,1,172,4.0
326.0,1,173,5.0
327.0,1,174,6.0
339.0,1,175,7.0
348.0,1,176,8.0
338.0,1,177,9.0
335.0,1,178,10.0
341.0,1,179,11.0
314.0,1,180,12.0
293.0,1,181,13.0
302.0,1,182,14.0
265.0,1,183,15.0
264.0,1,184,16.0
298.0,1,185,17.0
347.0,1,186,18.0
343.0,1,187,19.0
322.0,1,188,20.0
318.0,1,189,21.0
302.0,1,190,22.0
308.0,1,191,23.0
295.0,1,192,0.0
262.0,1,193,1.0
258.0,1,194,2.0
251.0,1,195,3.0
256.0,1,196,4.0
260.0,1,197,5.0
244.0,1,198,6.0
275.0,1,199,7.0
282.0,1,200,8.0
332.0,1,201,9.0
357.0,1,202,10.0
347.0,1,203,11.0
310.0,1,204,12.0
343.0,1,205,13.0
13.0,1,206,14.0
350.0,1,207,15.0
348.0,1,208,16.0
42.0,1,209,17.0
332.0,1,210,18.0
331.0,1,211,19.0
338.0,1,212,20.0
326.0,1,213,21.0
302.0,1,214,22.0
313.0,1,215,23.0
-99.0,1,216,0.0
-99.0,1,217,1.0
-99.0,1,218,2.0
-99.0,1,219,3.0
-99.0,1,220,4.0
-99.0,1,221,5.0
-99.0,1,222,6.0
-99.0,1,223,7.0
-99.0,1,224,8.0
-99.0,1,225,9.0
-99.0,1,226,10.0
-99.0,1,227,11.0
-99.0,1,228,12.0
-99.0,1,229,13.0
-99.0,1,230,14.0
-99.0,1,231,15.0
-99.0,1,232,16.0
-99.0,1,233,17.0
-99.0,1,234,18.0
-99.0,1,235,19.0
-99.0,1,236,20.0
-99.0,1,237,21.0
-99.0,1,238,22.0
-99.0,1,239,23.0
-99.0,1,240,0.0
-99.0,1,241,1.0
-99.0,1,242,2.0
-99.0,1,243,3.0
-99.0,1,244,4.0
-99.0,1,245,5.0
-99.0,1,246,6.0
-99.0,1,247,7.0
-99.0,1,248,8.0
-99.0,1,249,9.0
-99.0,1,250,10.0
-99.0,1,251,11.0
-99.0,1,252,12.0
338.0,1,253,13.0
9.0,1,254,14.0
333.0,1,255,15.0
355.0,1,256,16.0
4.0,1,257,17.0
5.0,1,258,18.0
311.0,1,259,19.0
305.0,1,260,20.0
323.0,1,261,21.0
309.0,1,262,22.0
312.0,1,263,23.0
313.0,1,264,0.0
323.0,1,265,1.0
314.0,1,266,2.0
290.0,1,267,3.0
252.0,1,268,4.0
248.0,1,269,5.0
261.0,1,270,6.0
258.0,1,271,7.0
169.0,1,272,8.0
125.0,1,273,9.0
138.0,1,274,10.0
129.0,1,275,11.0
155.0,1,276,12.0
151.0,1,277,13.0
84.0,1,278,14.0
292.0,1,279,15.0
348.0,1,280,16.0
348.0,1,281,17.0
348.0,1,282,18.0
360.0,1,283,19.0
322.0,1,284,20.0
312.0,1,285,21.0
317.0,1,286,22.0
339.0,1,287,23.0
281.0,1,288,0.0
247.0,1,289,1.0
260.0,1,290,2.0
260.0,1,291,3.0
260.0,1,292,4.0
241.0,1,293,5.0
263.0,1,294,6.0
247.0,1,295,7.0
251.0,1,296,8.0
146.0,1,297,9.0
133.0,1,298,10.0
96.0,1,299,11.0
203.0,1,300,12.0
125.0,1,301,13.0
118.0,1,302,14.0
131.0,1,303,15.0
112.0,1,304,16.0
75.0,1,305,17.0
74.0,1,306,18.0
318.0,1,307,19.0
320.0,1,308,20.0
313.0,1,309,21.0
305.0,1,310,22.0
313.0,1,311,23.0
328.0,1,312,0.0
315.0,1,313,1.0
314.0,1,314,2.0
302.0,1,315,3.0
273.0,1,316,4.0
324.0,1,317,5.0
319.0,1,318,6.0
320.0,1,319,7.0
323.0,1,320,8.0
129.0,1,321,9.0
111.0,1,322,10.0
118.0,1,323,11.0
93.0,1,324,12.0
12.0,1,325,13.0
336.0,1,326,14.0
3.0,1,327,15.0
354.0,1,328,16.0
352.0,1,329,17.0
61.0,1,330,18.0
56.0,1,331,19.0
323.0,1,332,20.0
325.0,1,333,21.0
-99.0,1,334,22.0
-99.0,1,335,23.0
-99.0,1,336,0.0
-99.0,1,337,1.0
-99.0,1,338,2.0
-99.0,1,339,3.0
-99.0,1,340,4.0
-99.0,1,341,5.0
-99.0,1,342,6.0
-99.0,1,343,7.0
-99.0,1,344,8.0
-99.0,1,345,9.0
-99.0,1,346,10.0
7.0,1,347,11.0
31.0,1,348,12.0
76.0,1,349,13.0
91.0,1,350,14.0
126.0,1,351,15.0
340.0,1,352,16.0
359.0,1,353,17.0
353.0,1,354,18.0
2.0,1,355,19.0
354.0,1,356,20.0
330.0,1,357,21.0
318.0,1,358,22.0
310.0,1,359,23.0
309.0,1,360,0.0
311.0,1,361,1.0
331.0,1,362,2.0
338.0,1,363,3.0
261.0,1,364,4.0
255.0,1,365,5.0
242.0,1,366,6.0
178.0,1,367,7.0
177.0,1,368,8.0
121.0,1,369,9.0
105.0,1,370,10.0
105.0,1,371,11.0
131.0,1,372,12.0
173.0,1,373,13.0
189.0,1,374,14.0
225.0,1,375,15.0
142.0,1,376,16.0
118.0,1,377,17.0
90.0,1,378,18.0
336.0,1,379,19.0
339.0,1,380,20.0
342.0,1,381,21.0
317.0,1,382,22.0
321.0,1,383,23.0
329.0,1,384,0.0
328.0,1,385,1.0
280.0,1,386,2.0
217.0,1,387,3.0
246.0,1,388,4.0
237.0,1,389,5.0
240.0,1,390,6.0
212.0,1,391,7.0
169.0,1,392,8.0
145.0,1,393,9.0
28.0,1,394,10.0
6.0,1,395,11.0
3.0,1,396,12.0
351.0,1,397,13.0
3.0,1,398,14.0
82.0,1,399,15.0
109.0,1,400,16.0
153.0,1,401,17.0
160.0,1,402,18.0
280.0,1,403,19.0
208.0,1,404,20.0
326.0,1,405,21.0
302.0,1,406,22.0
314.0,1,407,23.0
316.0,1,408,0.0
315.0,1,409,1.0
339.0,1,410,2.0
335.0,1,411,3.0
336.0,1,412,4.0
327.0,1,413,5.0
338.0,1,414,6.0
333.0,1,415,7.0
309.0,1,416,8.0
321.0,1,417,9.0
332.0,1,418,10.0
353.0,1,419,11.0
338.0,1,420,12.0
360.0,1,421,13.0
343.0,1,422,14.0
333.0,1,423,15.0
331.0,1,424,16.0
317.0,1,425,17.0
326.0,1,426,18.0
318.0,1,427,19.0
307.0,1,428,20.0
290.0,1,429,21.0
320.0,1,430,22.0
330.0,1,431,23.0
309.0,1,432,0.0
338.0,1,433,1.0
321.0,1,434,2.0
250.0,1,435,3.0
262.0,1,436,4.0
268.0,1,437,5.0
252.0,1,438,6.0
258.0,1,439,7.0
103.0,1,440,8.0
157.0,1,441,9.0
145.0,1,442,10.0
146.0,1,443,11.0
340.0,1,444,12.0
7.0,1,445,13.0
7.0,1,446,14.0
342.0,1,447,15.0
354.0,1,448,16.0
1.0,1,449,17.0
354.0,1,450,18.0
334.0,1,451,19.0
325.0,1,452,20.0
315.0,1,453,21.0
273.0,1,454,22.0
215.0,1,455,23.0
262.0,1,456,0.0
264.0,1,457,1.0
208.0,1,458,2.0
254.0,1,459,3.0
255.0,1,460,4.0
247.0,1,461,5.0
242.0,1,462,6.0
268.0,1,463,7.0
283.0,1,464,8.0
127.0,1,465,9.0
146.0,1,466,10.0
29.0,1,467,11.0
340.0,1,468,12.0
324.0,1,469,13.0
315.0,1,470,14.0
307.0,1,471,15.0
298.0,1,472,16.0
309.0,1,473,17.0
-99.0,1,474,18.0
292.0,1,475,19.0
315.0,1,476,20.0
301.0,1,477,21.0
327.0,1,478,22.0
303.0,1,479,23.0
311.0,1,480,0.0
-99.0,1,481,1.0
-99.0,1,482,2.0
-99.0,1,483,3.0
-99.0,1,484,4.0
-99.0,1,485,5.0
-99.0,1,486,6.0
-99.0,1,487,7.0
-99.0,1,488,8.0
137.0,1,489,9.0
126.0,1,490,10.0
106.0,1,491,11.0
102.0,1,492,12.0
114.0,1,493,13.0
126.0,1,494,14.0
141.0,1,495,15.0
141.0,1,496,16.0
287.0,1,497,17.0
311.0,1,498,18.0
108.0,1,499,19.0
189.0,1,500,20.0
301.0,1,501,21.0
200.0,1,502,22.0
150.0,1,503,23.0
160.0,1,504,0.0
274.0,1,505,1.0
263.0,1,506,2.0
259.0,1,507,3.0
259.0,1,508,4.0
249.0,1,509,5.0
257.0,1,510,6.0
266.0,1,511,7.0
209.0,1,512,8.0
119.0,1,513,9.0
117.0,1,514,10.0
110.0,1,515,11.0
139.0,1,516,12.0
166.0,1,517,13.0
204.0,1,518,14.0
202.0,1,519,15.0
190.0,1,520,16.0
207.0,1,521,17.0
214.0,1,522,18.0
208.0,1,523,19.0
179.0,1,524,20.0
351.0,1,525,21.0
310.0,1,526,22.0
316.0,1,527,23.0
270.0,1,528,0.0
254.0,1,529,1.0
251.0,1,530,2.0
237.0,1,531,3.0
266.0,1,532,4.0
256.0,1,533,5.0
266.0,1,534,6.0
245.0,1,535,7.0
206.0,1,536,8.0
115.0,1,537,9.0
87.0,1,538,10.0
105.0,1,539,11.0
269.0,1,540,12.0
194.0,1,541,13.0
306.0,1,542,14.0
233.0,1,543,15.0
194.0,1,544,16.0
223.0,1,545,17.0
234.0,1,546,18.0
230.0,1,547,19.0
198.0,1,548,20.0
256.0,1,549,21.0
273.0,1,550,22.0
287.0,1,551,23.0
313.0,1,552,0.0
332.0,1,553,1.0
318.0,1,554,2.0
299.0,1,555,3.0
277.0,1,556,4.0
258.0,1,557,5.0
237.0,1,558,6.0
249.0,1,559,7.0
139.0,1,560,8.0
117.0,1,561,9.0
109.0,1,562,10.0
103.0,1,563,11.0
100.0,1,564,12.0
95.0,1,565,13.0
137.0,1,566,14.0
119.0,1,567,15.0
126.0,1,568,16.0
252.0,1,569,17.0
144.0,1,570,18.0
276.0,1,571,19.0
313.0,1,572,20.0
331.0,1,573,21.0
324.0,1,574,22.0
323.0,1,575,23.0
306.0,1,576,0.0
249.0,1,577,1.0
253.0,1,578,2.0
198.0,1,579,3.0
227.0,1,580,4.0
260.0,1,581,5.0
258.0,1,582,6.0
261.0,1,583,7.0
258.0,1,584,8.0
279.0,1,585,9.0
4.0,1,586,10.0
3.0,1,587,11.0
356.0,1,588,12.0
4.0,1,589,13.0
357.0,1,590,14.0
353.0,1,591,15.0
356.0,1,592,16.0
349.0,1,593,17.0
344.0,1,594,18.0
345.0,1,595,19.0
345.0,1,596,20.0
309.0,1,597,21.0
324.0,1,598,22.0
345.0,1,599,23.0
339.0,1,600,0.0
325.0,1,601,1.0
299.0,1,602,2.0
312.0,1,603,3.0
307.0,1,604,4.0
331.0,1,605,5.0
337.0,1,606,6.0
351.0,1,607,7.0
334.0,1,608,8.0
2.0,1,609,9.0
330.0,1,610,10.0
312.0,1,611,11.0
297.0,1,612,12.0
347.0,1,613,13.0
318.0,1,614,14.0
321.0,1,615,15.0
333.0,1,616,16.0
347.0,1,617,17.0
333.0,1,618,18.0
312.0,1,619,19.0
308.0,1,620,20.0
305.0,1,621,21.0
308.0,1,622,22.0
360.0,1,623,23.0
291.0,1,624,0.0
285.0,1,625,1.0
283.0,1,626,2.0
316.0,1,627,3.0
286.0,1,628,4.0
257.0,1,629,5.0
282.0,1,630,6.0
266.0,1,631,7.0
262.0,1,632,8.0
284.0,1,633,9.0
303.0,1,634,10.0
252.0,1,635,11.0
3.0,1,636,12.0
333.0,1,637,13.0
345.0,1,638,14.0
6.0,1,639,15.0
355.0,1,640,16.0
341.0,1,641,17.0
343.0,1,642,18.0
351.0,1,643,19.0
345.0,1,644,20.0
338.0,1,645,21.0
292.0,1,646,22.0
279.0,1,647,23.0
292.0,1,648,0.0
261.0,1,649,1.0
242.0,1,650,2.0
261.0,1,651,3.0
255.0,1,652,4.0
252.0,1,653,5.0
-99.0,1,654,6.0
290.0,1,655,7.0
320.0,1,656,8.0
338.0,1,657,9.0
326.0,1,658,10.0
339.0,1,659,11.0
337.0,1,660,12.0
323.0,1,661,13.0
339.0,1,662,14.0
337.0,1,663,15.0
348.0,1,664,16.0
358.0,1,665,17.0
356.0,1,666,18.0
340.0,1,667,19.0
330.0,1,668,20.0
325.0,1,669,21.0
307.0,1,670,22.0
283.0,1,671,23.0
300.0,1,672,0.0
251.0,1,673,1.0
253.0,1,674,2.0
334.0,1,675,3.0
256.0,1,676,4.0
264.0,1,677,5.0
264.0,1,678,6.0
253.0,1,679,7.0
268.0,1,680,8.0
323.0,1,681,9.0
248.0,1,682,10.0
356.0,1,683,11.0
353.0,1,684,12.0
335.0,1,685,13.0
330.0,1,686,14.0
359.0,1,687,15.0
358.0,1,688,16.0
346.0,1,689,17.0
341.0,1,690,18.0
339.0,1,691,19.0
-99.0,1,692,20.0
322.0,1,693,21.0
306.0,1,694,22.0
306.0,1,695,23.0
300.0,1,696,0.0
309.0,1,697,1.0
322.0,1,698,2.0
334.0,1,699,3.0
316.0,1,700,4.0
313.0,1,701,5.0
312.0,1,702,6.0
331.0,1,703,7.0
311.0,1,704,8.0
339.0,1,705,9.0
343.0,1,706,10.0
328.0,1,707,11.0
345.0,1,708,12.0
349.0,1,709,13.0
334.0,1,710,14.0
282.0,1,711,15.0
253.0,1,712,16.0
281.0,1,713,17.0
334.0,1,714,18.0
341.0,1,715,19.0
326.0,1,716,20.0
327.0,1,717,21.0
327.0,1,718,22.0
336.0,1,719,23.0
332.0,1,720,0.0
279.0,1,721,1.0
315.0,1,722,2.0
259.0,1,723,3.0
255.0,1,724,4.0
248.0,1,725,5.0
244.0,1,726,6.0
257.0,1,727,7.0
168.0,1,728,8.0
140.0,1,729,9.0
131.0,1,730,10.0
110.0,1,731,11.0
109.0,1,732,12.0
135.0,1,733,13.0
196.0,1,734,14.0
183.0,1,735,15.0
192.0,1,736,16.0
214.0,1,737,17.0
207.0,1,738,18.0
162.0,1,739,19.0
156.0,1,740,20.0
170.0,1,741,21.0
245.0,1,742,22.0
220.0,1,743,23.0
