75.0,2,1,0
-1.0,2,1,1
-1.0,2,1,2
-1.0,2,1,3
-1.0,2,1,4
-1.0,2,1,5
-1.0,2,1,6
-1.0,2,1,7
-1.0,2,1,8
-1.0,2,1,9
-1.0,2,1,10
-1.0,2,1,11
-1.0,2,1,12
-1.0,2,1,13
114.0,2,1,14
346.0,2,1,15
577.0,2,1,16
761.0,2,1,17
925.0,2,1,18
697.0,2,1,19
242.0,2,1,20
273.0,2,1,21
127.0,2,1,22
116.0,2,1,23
33.0,2,2,0
-1.0,2,2,1
-1.0,2,2,2
-1.0,2,2,3
-1.0,2,2,4
-1.0,2,2,5
-1.0,2,2,6
-1.0,2,2,7
-1.0,2,2,8
-1.0,2,2,9
-1.0,2,2,10
-1.0,2,2,11
-1.0,2,2,12
-1.0,2,2,13
53.0,2,2,14
338.0,2,2,15
362.0,2,2,16
810.0,2,2,17
798.0,2,2,18
632.0,2,2,19
405.0,2,2,20
243.0,2,2,21
56.0,2,2,22
205.0,2,2,23
16.0,2,3,0
-1.0,2,3,1
-1.0,2,3,2
-1.0,2,3,3
-1.0,2,3,4
0.0,2,3,5
0.0,2,3,6
0.0,2,3,7
0.0,2,3,8
-1.0,2,3,9
-1.0,2,3,10
-1.0,2,3,11
-1.0,2,3,12
-1.0,2,3,13
56.0,2,3,14
159.0,2,3,15
445.0,2,3,16
487.0,2,3,17
535.0,2,3,18
540.0,2,3,19
361.0,2,3,20
91.0,2,3,21
166.0,2,3,22
101.0,2,3,23
22.0,2,4,0
-1.0,2,4,1
-1.0,2,4,2
-1.0,2,4,3
-1.0,2,4,4
-1.0,2,4,5
-1.0,2,4,6
-1.0,2,4,7
-1.0,2,4,8
-1.0,2,4,9
-1.0,2,4,10
-1.0,2,4,11
-1.0,2,4,12
-1.0,2,4,13
126.0,2,4,14
370.0,2,4,15
605.0,2,4,16
782.0,2,4,17
891.0,2,4,18
926.0,2,4,19
888.0,2,4,20
750.0,2,4,21
554.0,2,4,22
308.0,2,4,23
85.0,2,5,0
-1.0,2,5,1
-1.0,2,5,2
-1.0,2,5,3
-1.0,2,5,4
-1.0,2,5,5
-1.0,2,5,6
-1.0,2,5,7
-1.0,2,5,8
-1.0,2,5,9
-1.0,2,5,10
-1.0,2,5,11
-1.0,2,5,12
-1.0,2,5,13
129.0,2,5,14
180.0,2,5,15
622.0,2,5,16
779.0,2,5,17
456.0,2,5,18
956.0,2,5,19
900.0,2,5,20
828.0,2,5,21
329.0,2,5,22
252.0,2,5,23
76.0,2,6,0
-1.0,2,6,1
-1.0,2,6,2
-1.0,2,6,3
-1.0,2,6,4
-1.0,2,6,5
-1.0,2,6,6
-1.0,2,6,7
-1.0,2,6,8
-1.0,2,6,9
-1.0,2,6,10
-1.0,2,6,11
-1.0,2,6,12
0.0,2,6,13
70.0,2,6,14
211.0,2,6,15
550.0,2,6,16
770.0,2,6,17
891.0,2,6,18
947.0,2,6,19
751.0,2,6,20
1010.0,2,6,21
619.0,2,6,22
325.0,2,6,23
47.0,2,7,0
-1.0,2,7,1
-1.0,2,7,2
-1.0,2,7,3
-1.0,2,7,4
-1.0,2,7,5
-1.0,2,7,6
-1.0,2,7,7
-1.0,2,7,8
-1.0,2,7,9
-1.0,2,7,10
-1.0,2,7,11
-1.0,2,7,12
-1.0,2,7,13
145.0,2,7,14
412.0,2,7,15
612.0,2,7,16
816.0,2,7,17
930.0,2,7,18
961.0,2,7,19
931.0,2,7,20
790.0,2,7,21
598.0,2,7,22
333.0,2,7,23
102.0,2,8,0
-1.0,2,8,1
-1.0,2,8,2
-1.0,2,8,3
-1.0,2,8,4
-1.0,2,8,5
-1.0,2,8,6
-1.0,2,8,7
-1.0,2,8,8
-1.0,2,8,9
-1.0,2,8,10
-1.0,2,8,11
-1.0,2,8,12
-1.0,2,8,13
131.0,2,8,14
376.0,2,8,15
604.0,2,8,16
795.0,2,8,17
911.0,2,8,18
958.0,2,8,19
902.0,2,8,20
770.0,2,8,21
574.0,2,8,22
316.0,2,8,23
89.0,2,9,0
-1.0,2,9,1
-1.0,2,9,2
-1.0,2,9,3
-1.0,2,9,4
-1.0,2,9,5
-1.0,2,9,6
-1.0,2,9,7
-1.0,2,9,8
-1.0,2,9,9
-1.0,2,9,10
-1.0,2,9,11
-1.0,2,9,12
-1.0,2,9,13
144.0,2,9,14
395.0,2,9,15
634.0,2,9,16
818.0,2,9,17
929.0,2,9,18
959.0,2,9,19
909.0,2,9,20
789.0,2,9,21
605.0,2,9,22
347.0,2,9,23
109.0,2,10,0
-1.0,2,10,1
-1.0,2,10,2
-1.0,2,10,3
-1.0,2,10,4
-1.0,2,10,5
-1.0,2,10,6
-1.0,2,10,7
-1.0,2,10,8
-1.0,2,10,9
-1.0,2,10,10
-1.0,2,10,11
-1.0,2,10,12
-1.0,2,10,13
139.0,2,10,14
388.0,2,10,15
621.0,2,10,16
804.0,2,10,17
915.0,2,10,18
948.0,2,10,19
900.0,2,10,20
785.0,2,10,21
594.0,2,10,22
337.0,2,10,23
100.0,2,11,0
-1.0,2,11,1
-1.0,2,11,2
-1.0,2,11,3
-1.0,2,11,4
-1.0,2,11,5
-1.0,2,11,6
-1.0,2,11,7
-1.0,2,11,8
-1.0,2,11,9
-1.0,2,11,10
-1.0,2,11,11
-1.0,2,11,12
-1.0,2,11,13
122.0,2,11,14
356.0,2,11,15
582.0,2,11,16
760.0,2,11,17
852.0,2,11,18
708.0,2,11,19
946.0,2,11,20
807.0,2,11,21
225.0,2,11,22
33.0,2,11,23
9.0,2,12,0
-1.0,2,12,1
-1.0,2,12,2
-1.0,2,12,3
-1.0,2,12,4
-1.0,2,12,5
-1.0,2,12,6
0.0,2,12,7
-1.0,2,12,8
-1.0,2,12,9
-1.0,2,12,10
-1.0,2,12,11
-1.0,2,12,12
-1.0,2,12,13
71.0,2,12,14
341.0,2,12,15
594.0,2,12,16
784.0,2,12,17
920.0,2,12,18
765.0,2,12,19
297.0,2,12,20
216.0,2,12,21
15.0,2,12,22
5.0,2,12,23
4.0,2,13,0
0.0,2,13,1
1.0,2,13,2
0.0,2,13,3
0.0,2,13,4
-1.0,2,13,5
0.0,2,13,6
-1.0,2,13,7
0.0,2,13,8
-1.0,2,13,9
-1.0,2,13,10
-1.0,2,13,11
-1.0,2,13,12
-1.0,2,13,13
56.0,2,13,14
136.0,2,13,15
213.0,2,13,16
444.0,2,13,17
429.0,2,13,18
934.0,2,13,19
671.0,2,13,20
588.0,2,13,21
364.0,2,13,22
125.0,2,13,23
17.0,2,14,0
-1.0,2,14,1
-1.0,2,14,2
0.0,2,14,3
0.0,2,14,4
-1.0,2,14,5
-1.0,2,14,6
-1.0,2,14,7
-1.0,2,14,8
-1.0,2,14,9
-1.0,2,14,10
-1.0,2,14,11
-1.0,2,14,12
0.0,2,14,13
68.0,2,14,14
214.0,2,14,15
480.0,2,14,16
626.0,2,14,17
714.0,2,14,18
597.0,2,14,19
394.0,2,14,20
294.0,2,14,21
130.0,2,14,22
93.0,2,14,23
19.0,2,15,0
-1.0,2,15,1
-1.0,2,15,2
-1.0,2,15,3
-1.0,2,15,4
-1.0,2,15,5
-1.0,2,15,6
0.0,2,15,7
-1.0,2,15,8
0.0,2,15,9
0.0,2,15,10
0.0,2,15,11
-1.0,2,15,12
-1.0,2,15,13
65.0,2,15,14
231.0,2,15,15
308.0,2,15,16
380.0,2,15,17
412.0,2,15,18
1009.0,2,15,19
352.0,2,15,20
527.0,2,15,21
295.0,2,15,22
47.0,2,15,23
37.0,2,16,0
-1.0,2,16,1
-1.0,2,16,2
-1.0,2,16,3
-1.0,2,16,4
-1.0,2,16,5
-1.0,2,16,6
-1.0,2,16,7
-1.0,2,16,8
-1.0,2,16,9
-1.0,2,16,10
-1.0,2,16,11
-1.0,2,16,12
-1.0,2,16,13
55.0,2,16,14
397.0,2,16,15
298.0,2,16,16
431.0,2,16,17
778.0,2,16,18
604.0,2,16,19
294.0,2,16,20
332.0,2,16,21
211.0,2,16,22
137.0,2,16,23
30.0,2,17,0
-1.0,2,17,1
-1.0,2,17,2
-1.0,2,17,3
-1.0,2,17,4
-1.0,2,17,5
-1.0,2,17,6
-1.0,2,17,7
-1.0,2,17,8
-1.0,2,17,9
-1.0,2,17,10
-1.0,2,17,11
-1.0,2,17,12
-1.0,2,17,13
92.0,2,17,14
283.0,2,17,15
588.0,2,17,16
660.0,2,17,17
751.0,2,17,18
464.0,2,17,19
687.0,2,17,20
762.0,2,17,21
340.0,2,17,22
154.0,2,17,23
120.0,2,18,0
-1.0,2,18,1
-1.0,2,18,2
-1.0,2,18,3
-1.0,2,18,4
-1.0,2,18,5
-1.0,2,18,6
-1.0,2,18,7
-1.0,2,18,8
-1.0,2,18,9
0.0,2,18,10
0.0,2,18,11
0.0,2,18,12
0.0,2,18,13
28.0,2,18,14
102.0,2,18,15
193.0,2,18,16
256.0,2,18,17
907.0,2,18,18
957.0,2,18,19
911.0,2,18,20
799.0,2,18,21
628.0,2,18,22
330.0,2,18,23
-99.0,2,19,0
-1.0,2,19,1
-1.0,2,19,2
-1.0,2,19,3
-1.0,2,19,4
-1.0,2,19,5
-1.0,2,19,6
-1.0,2,19,7
-1.0,2,19,8
0.0,2,19,9
-1.0,2,19,10
-1.0,2,19,11
-1.0,2,19,12
0.0,2,19,13
142.0,2,19,14
386.0,2,19,15
625.0,2,19,16
803.0,2,19,17
920.0,2,19,18
957.0,2,19,19
916.0,2,19,20
800.0,2,19,21
612.0,2,19,22
362.0,2,19,23
113.0,2,20,0
-1.0,2,20,1
-1.0,2,20,2
-1.0,2,20,3
-1.0,2,20,4
-1.0,2,20,5
-1.0,2,20,6
-1.0,2,20,7
-1.0,2,20,8
-1.0,2,20,9
-1.0,2,20,10
-1.0,2,20,11
-1.0,2,20,12
0.0,2,20,13
138.0,2,20,14
385.0,2,20,15
592.0,2,20,16
660.0,2,20,17
924.0,2,20,18
1005.0,2,20,19
927.0,2,20,20
823.0,2,20,21
597.0,2,20,22
360.0,2,20,23
77.0,2,21,0
-1.0,2,21,1
-1.0,2,21,2
-1.0,2,21,3
-1.0,2,21,4
-1.0,2,21,5
-1.0,2,21,6
-1.0,2,21,7
-1.0,2,21,8
-1.0,2,21,9
-1.0,2,21,10
-1.0,2,21,11
-1.0,2,21,12
-1.0,2,21,13
145.0,2,21,14
397.0,2,21,15
630.0,2,21,16
742.0,2,21,17
947.0,2,21,18
963.0,2,21,19
907.0,2,21,20
795.0,2,21,21
602.0,2,21,22
367.0,2,21,23
124.0,2,22,0
-1.0,2,22,1
-1.0,2,22,2
-1.0,2,22,3
-1.0,2,22,4
-1.0,2,22,5
-1.0,2,22,6
-1.0,2,22,7
-1.0,2,22,8
-1.0,2,22,9
-1.0,2,22,10
-1.0,2,22,11
-1.0,2,22,12
1.0,2,22,13
106.0,2,22,14
398.0,2,22,15
618.0,2,22,16
797.0,2,22,17
912.0,2,22,18
931.0,2,22,19
646.0,2,22,20
812.0,2,22,21
490.0,2,22,22
123.0,2,22,23
41.0,2,23,0
-1.0,2,23,1
-1.0,2,23,2
-1.0,2,23,3
-1.0,2,23,4
-1.0,2,23,5
-1.0,2,23,6
-1.0,2,23,7
-1.0,2,23,8
-1.0,2,23,9
-1.0,2,23,10
-1.0,2,23,11
-1.0,2,23,12
-1.0,2,23,13
175.0,2,23,14
432.0,2,23,15
364.0,2,23,16
871.0,2,23,17
972.0,2,23,18
980.0,2,23,19
949.0,2,23,20
814.0,2,23,21
604.0,2,23,22
376.0,2,23,23
113.0,2,24,0
-1.0,2,24,1
-1.0,2,24,2
-1.0,2,24,3
-1.0,2,24,4
-1.0,2,24,5
-1.0,2,24,6
-1.0,2,24,7
-1.0,2,24,8
-1.0,2,24,9
-1.0,2,24,10
-1.0,2,24,11
-1.0,2,24,12
2.0,2,24,13
143.0,2,24,14
399.0,2,24,15
637.0,2,24,16
811.0,2,24,17
924.0,2,24,18
958.0,2,24,19
904.0,2,24,20
808.0,2,24,21
640.0,2,24,22
347.0,2,24,23
60.0,2,25,0
-1.0,2,25,1
-1.0,2,25,2
-1.0,2,25,3
-1.0,2,25,4
-1.0,2,25,5
-1.0,2,25,6
-1.0,2,25,7
-1.0,2,25,8
-1.0,2,25,9
-1.0,2,25,10
-1.0,2,25,11
-1.0,2,25,12
0.0,2,25,13
157.0,2,25,14
415.0,2,25,15
657.0,2,25,16
827.0,2,25,17
945.0,2,25,18
956.0,2,25,19
910.0,2,25,20
793.0,2,25,21
608.0,2,25,22
361.0,2,25,23
114.0,2,26,0
-1.0,2,26,1
-1.0,2,26,2
-1.0,2,26,3
-1.0,2,26,4
-1.0,2,26,5
-1.0,2,26,6
-1.0,2,26,7
-1.0,2,26,8
-1.0,2,26,9
-1.0,2,26,10
-1.0,2,26,11
-1.0,2,26,12
0.0,2,26,13
164.0,2,26,14
418.0,2,26,15
657.0,2,26,16
845.0,2,26,17
857.0,2,26,18
854.0,2,26,19
532.0,2,26,20
825.0,2,26,21
635.0,2,26,22
366.0,2,26,23
62.0,2,27,0
-1.0,2,27,1
-1.0,2,27,2
-1.0,2,27,3
-1.0,2,27,4
-1.0,2,27,5
-1.0,2,27,6
-1.0,2,27,7
-1.0,2,27,8
-1.0,2,27,9
-1.0,2,27,10
0.0,2,27,11
0.0,2,27,12
1.0,2,27,13
54.0,2,27,14
217.0,2,27,15
695.0,2,27,16
844.0,2,27,17
944.0,2,27,18
964.0,2,27,19
896.0,2,27,20
786.0,2,27,21
491.0,2,27,22
286.0,2,27,23
172.0,2,28,0
-1.0,2,28,1
-1.0,2,28,2
-1.0,2,28,3
-1.0,2,28,4
-1.0,2,28,5
-1.0,2,28,6
0.0,2,28,7
0.0,2,28,8
0.0,2,28,9
0.0,2,28,10
0.0,2,28,11
0.0,2,28,12
1.0,2,28,13
47.0,2,28,14
451.0,2,28,15
663.0,2,28,16
864.0,2,28,17
971.0,2,28,18
989.0,2,28,19
920.0,2,28,20
792.0,2,28,21
600.0,2,28,22
361.0,2,28,23
