79.0,9,1,0
129.0,9,1,1
124.0,9,1,2
106.0,9,1,3
90.0,9,1,4
102.0,9,1,5
278.0,9,1,6
332.0,9,1,7
266.0,9,1,8
200.0,9,1,9
77.0,9,1,10
59.0,9,1,11
153.0,9,1,12
231.0,9,1,13
174.0,9,1,14
179.0,9,1,15
227.0,9,1,16
210.0,9,1,17
284.0,9,1,18
269.0,9,1,19
252.0,9,1,20
303.0,9,1,21
154.0,9,1,22
174.0,9,1,23
250.0,9,2,0
285.0,9,2,1
22.0,9,2,2
130.0,9,2,3
204.0,9,2,4
230.0,9,2,5
201.0,9,2,6
223.0,9,2,7
184.0,9,2,8
54.0,9,2,9
302.0,9,2,10
17.0,9,2,11
243.0,9,2,12
207.0,9,2,13
202.0,9,2,14
34.0,9,2,15
220.0,9,2,16
79.0,9,2,17
317.0,9,2,18
78.0,9,2,19
247.0,9,2,20
328.0,9,2,21
311.0,9,2,22
47.0,9,2,23
38.0,9,3,0
47.0,9,3,1
75.0,9,3,2
83.0,9,3,3
39.0,9,3,4
36.0,9,3,5
276.0,9,3,6
82.0,9,3,7
272.0,9,3,8
230.0,9,3,9
298.0,9,3,10
301.0,9,3,11
264.0,9,3,12
285.0,9,3,13
100.0,9,3,14
80.0,9,3,15
186.0,9,3,16
112.0,9,3,17
75.0,9,3,18
89.0,9,3,19
209.0,9,3,20
42.0,9,3,21
200.0,9,3,22
60.0,9,3,23
30.0,9,4,0
62.0,9,4,1
81.0,9,4,2
48.0,9,4,3
36.0,9,4,4
79.0,9,4,5
160.0,9,4,6
139.0,9,4,7
234.0,9,4,8
202.0,9,4,9
185.0,9,4,10
194.0,9,4,11
146.0,9,4,12
165.0,9,4,13
218.0,9,4,14
260.0,9,4,15
80.0,9,4,16
95.0,9,4,17
217.0,9,4,18
41.0,9,4,19
87.0,9,4,20
170.0,9,4,21
48.0,9,4,22
67.0,9,4,23
62.0,9,5,0
75.0,9,5,1
73.0,9,5,2
255.0,9,5,3
46.0,9,5,4
51.0,9,5,5
56.0,9,5,6
20.0,9,5,7
47.0,9,5,8
13.0,9,5,9
33.0,9,5,10
342.0,9,5,11
199.0,9,5,12
189.0,9,5,13
182.0,9,5,14
37.0,9,5,15
42.0,9,5,16
27.0,9,5,17
28.0,9,5,18
33.0,9,5,19
44.0,9,5,20
59.0,9,5,21
44.0,9,5,22
63.0,9,5,23
56.0,9,6,0
31.0,9,6,1
56.0,9,6,2
37.0,9,6,3
47.0,9,6,4
35.0,9,6,5
22.0,9,6,6
23.0,9,6,7
26.0,9,6,8
22.0,9,6,9
218.0,9,6,10
170.0,9,6,11
196.0,9,6,12
260.0,9,6,13
198.0,9,6,14
36.0,9,6,15
231.0,9,6,16
29.0,9,6,17
31.0,9,6,18
31.0,9,6,19
40.0,9,6,20
33.0,9,6,21
58.0,9,6,22
55.0,9,6,23
42.0,9,7,0
36.0,9,7,1
51.0,9,7,2
62.0,9,7,3
49.0,9,7,4
59.0,9,7,5
34.0,9,7,6
28.0,9,7,7
196.0,9,7,8
172.0,9,7,9
81.0,9,7,10
324.0,9,7,11
315.0,9,7,12
251.0,9,7,13
95.0,9,7,14
192.0,9,7,15
229.0,9,7,16
207.0,9,7,17
107.0,9,7,18
129.0,9,7,19
70.0,9,7,20
166.0,9,7,21
104.0,9,7,22
24.0,9,7,23
41.0,9,8,0
72.0,9,8,1
119.0,9,8,2
24.0,9,8,3
58.0,9,8,4
115.0,9,8,5
198.0,9,8,6
202.0,9,8,7
179.0,9,8,8
198.0,9,8,9
185.0,9,8,10
192.0,9,8,11
200.0,9,8,12
185.0,9,8,13
219.0,9,8,14
205.0,9,8,15
170.0,9,8,16
304.0,9,8,17
304.0,9,8,18
105.0,9,8,19
138.0,9,8,20
215.0,9,8,21
328.0,9,8,22
61.0,9,8,23
36.0,9,9,0
55.0,9,9,1
82.0,9,9,2
146.0,9,9,3
45.0,9,9,4
73.0,9,9,5
196.0,9,9,6
178.0,9,9,7
183.0,9,9,8
206.0,9,9,9
192.0,9,9,10
209.0,9,9,11
203.0,9,9,12
193.0,9,9,13
210.0,9,9,14
216.0,9,9,15
254.0,9,9,16
217.0,9,9,17
284.0,9,9,18
264.0,9,9,19
100.0,9,9,20
289.0,9,9,21
206.0,9,9,22
69.0,9,9,23
63.0,9,10,0
67.0,9,10,1
78.0,9,10,2
89.0,9,10,3
102.0,9,10,4
340.0,9,10,5
204.0,9,10,6
272.0,9,10,7
147.0,9,10,8
205.0,9,10,9
182.0,9,10,10
175.0,9,10,11
163.0,9,10,12
192.0,9,10,13
238.0,9,10,14
225.0,9,10,15
97.0,9,10,16
149.0,9,10,17
250.0,9,10,18
36.0,9,10,19
132.0,9,10,20
58.0,9,10,21
60.0,9,10,22
60.0,9,10,23
67.0,9,11,0
75.0,9,11,1
64.0,9,11,2
184.0,9,11,3
280.0,9,11,4
146.0,9,11,5
204.0,9,11,6
217.0,9,11,7
204.0,9,11,8
217.0,9,11,9
217.0,9,11,10
193.0,9,11,11
197.0,9,11,12
193.0,9,11,13
207.0,9,11,14
206.0,9,11,15
262.0,9,11,16
217.0,9,11,17
214.0,9,11,18
43.0,9,11,19
279.0,9,11,20
229.0,9,11,21
282.0,9,11,22
249.0,9,11,23
189.0,9,12,0
184.0,9,12,1
187.0,9,12,2
150.0,9,12,3
100.0,9,12,4
235.0,9,12,5
57.0,9,12,6
275.0,9,12,7
129.0,9,12,8
184.0,9,12,9
204.0,9,12,10
217.0,9,12,11
218.0,9,12,12
214.0,9,12,13
201.0,9,12,14
193.0,9,12,15
164.0,9,12,16
188.0,9,12,17
282.0,9,12,18
196.0,9,12,19
93.0,9,12,20
115.0,9,12,21
37.0,9,12,22
28.0,9,12,23
38.0,9,13,0
31.0,9,13,1
50.0,9,13,2
25.0,9,13,3
212.0,9,13,4
222.0,9,13,5
321.0,9,13,6
262.0,9,13,7
321.0,9,13,8
174.0,9,13,9
313.0,9,13,10
321.0,9,13,11
330.0,9,13,12
165.0,9,13,13
316.0,9,13,14
321.0,9,13,15
338.0,9,13,16
325.0,9,13,17
202.0,9,13,18
98.0,9,13,19
56.0,9,13,20
89.0,9,13,21
27.0,9,13,22
50.0,9,13,23
29.0,9,14,0
33.0,9,14,1
26.0,9,14,2
61.0,9,14,3
62.0,9,14,4
31.0,9,14,5
339.0,9,14,6
274.0,9,14,7
225.0,9,14,8
316.0,9,14,9
295.0,9,14,10
72.0,9,14,11
238.0,9,14,12
318.0,9,14,13
78.0,9,14,14
224.0,9,14,15
218.0,9,14,16
175.0,9,14,17
193.0,9,14,18
64.0,9,14,19
48.0,9,14,20
99.0,9,14,21
103.0,9,14,22
29.0,9,14,23
33.0,9,15,0
42.0,9,15,1
25.0,9,15,2
192.0,9,15,3
63.0,9,15,4
38.0,9,15,5
234.0,9,15,6
306.0,9,15,7
63.0,9,15,8
107.0,9,15,9
203.0,9,15,10
190.0,9,15,11
201.0,9,15,12
170.0,9,15,13
254.0,9,15,14
268.0,9,15,15
236.0,9,15,16
237.0,9,15,17
118.0,9,15,18
305.0,9,15,19
117.0,9,15,20
51.0,9,15,21
39.0,9,15,22
51.0,9,15,23
35.0,9,16,0
47.0,9,16,1
51.0,9,16,2
39.0,9,16,3
42.0,9,16,4
312.0,9,16,5
335.0,9,16,6
302.0,9,16,7
244.0,9,16,8
170.0,9,16,9
242.0,9,16,10
115.0,9,16,11
182.0,9,16,12
192.0,9,16,13
227.0,9,16,14
184.0,9,16,15
80.0,9,16,16
144.0,9,16,17
237.0,9,16,18
217.0,9,16,19
116.0,9,16,20
114.0,9,16,21
26.0,9,16,22
25.0,9,16,23
46.0,9,17,0
47.0,9,17,1
149.0,9,17,2
216.0,9,17,3
332.0,9,17,4
318.0,9,17,5
105.0,9,17,6
265.0,9,17,7
335.0,9,17,8
312.0,9,17,9
66.0,9,17,10
173.0,9,17,11
147.0,9,17,12
70.0,9,17,13
109.0,9,17,14
160.0,9,17,15
262.0,9,17,16
310.0,9,17,17
135.0,9,17,18
211.0,9,17,19
110.0,9,17,20
27.0,9,17,21
321.0,9,17,22
104.0,9,17,23
52.0,9,18,0
188.0,9,18,1
55.0,9,18,2
127.0,9,18,3
326.0,9,18,4
294.0,9,18,5
21.0,9,18,6
39.0,9,18,7
252.0,9,18,8
122.0,9,18,9
321.0,9,18,10
79.0,9,18,11
240.0,9,18,12
304.0,9,18,13
334.0,9,18,14
297.0,9,18,15
218.0,9,18,16
108.0,9,18,17
142.0,9,18,18
268.0,9,18,19
170.0,9,18,20
59.0,9,18,21
292.0,9,18,22
24.0,9,18,23
45.0,9,19,0
31.0,9,19,1
53.0,9,19,2
67.0,9,19,3
63.0,9,19,4
54.0,9,19,5
165.0,9,19,6
241.0,9,19,7
198.0,9,19,8
188.0,9,19,9
187.0,9,19,10
211.0,9,19,11
214.0,9,19,12
177.0,9,19,13
209.0,9,19,14
179.0,9,19,15
182.0,9,19,16
215.0,9,19,17
293.0,9,19,18
248.0,9,19,19
50.0,9,19,20
87.0,9,19,21
61.0,9,19,22
20.0,9,19,23
27.0,9,20,0
51.0,9,20,1
58.0,9,20,2
56.0,9,20,3
32.0,9,20,4
102.0,9,20,5
193.0,9,20,6
162.0,9,20,7
195.0,9,20,8
207.0,9,20,9
197.0,9,20,10
202.0,9,20,11
183.0,9,20,12
198.0,9,20,13
196.0,9,20,14
52.0,9,20,15
196.0,9,20,16
155.0,9,20,17
47.0,9,20,18
40.0,9,20,19
38.0,9,20,20
284.0,9,20,21
44.0,9,20,22
32.0,9,20,23
31.0,9,21,0
31.0,9,21,1
47.0,9,21,2
34.0,9,21,3
50.0,9,21,4
209.0,9,21,5
86.0,9,21,6
185.0,9,21,7
136.0,9,21,8
209.0,9,21,9
179.0,9,21,10
99.0,9,21,11
196.0,9,21,12
140.0,9,21,13
269.0,9,21,14
70.0,9,21,15
51.0,9,21,16
160.0,9,21,17
102.0,9,21,18
252.0,9,21,19
240.0,9,21,20
112.0,9,21,21
80.0,9,21,22
105.0,9,21,23
29.0,9,22,0
24.0,9,22,1
46.0,9,22,2
35.0,9,22,3
96.0,9,22,4
51.0,9,22,5
40.0,9,22,6
50.0,9,22,7
63.0,9,22,8
247.0,9,22,9
146.0,9,22,10
208.0,9,22,11
188.0,9,22,12
177.0,9,22,13
265.0,9,22,14
120.0,9,22,15
41.0,9,22,16
106.0,9,22,17
112.0,9,22,18
43.0,9,22,19
87.0,9,22,20
77.0,9,22,21
61.0,9,22,22
30.0,9,22,23
29.0,9,23,0
48.0,9,23,1
61.0,9,23,2
63.0,9,23,3
81.0,9,23,4
74.0,9,23,5
110.0,9,23,6
108.0,9,23,7
225.0,9,23,8
188.0,9,23,9
198.0,9,23,10
227.0,9,23,11
228.0,9,23,12
234.0,9,23,13
253.0,9,23,14
96.0,9,23,15
36.0,9,23,16
53.0,9,23,17
36.0,9,23,18
85.0,9,23,19
57.0,9,23,20
58.0,9,23,21
47.0,9,23,22
43.0,9,23,23
48.0,9,24,0
28.0,9,24,1
37.0,9,24,2
42.0,9,24,3
48.0,9,24,4
35.0,9,24,5
296.0,9,24,6
193.0,9,24,7
179.0,9,24,8
196.0,9,24,9
176.0,9,24,10
184.0,9,24,11
183.0,9,24,12
176.0,9,24,13
208.0,9,24,14
50.0,9,24,15
77.0,9,24,16
64.0,9,24,17
146.0,9,24,18
63.0,9,24,19
87.0,9,24,20
30.0,9,24,21
48.0,9,24,22
47.0,9,24,23
35.0,9,25,0
29.0,9,25,1
24.0,9,25,2
70.0,9,25,3
28.0,9,25,4
54.0,9,25,5
30.0,9,25,6
293.0,9,25,7
31.0,9,25,8
44.0,9,25,9
55.0,9,25,10
36.0,9,25,11
28.0,9,25,12
55.0,9,25,13
62.0,9,25,14
48.0,9,25,15
57.0,9,25,16
146.0,9,25,17
55.0,9,25,18
104.0,9,25,19
59.0,9,25,20
78.0,9,25,21
79.0,9,25,22
45.0,9,25,23
71.0,9,26,0
26.0,9,26,1
36.0,9,26,2
36.0,9,26,3
26.0,9,26,4
16.0,9,26,5
45.0,9,26,6
50.0,9,26,7
45.0,9,26,8
82.0,9,26,9
44.0,9,26,10
211.0,9,26,11
29.0,9,26,12
53.0,9,26,13
65.0,9,26,14
32.0,9,26,15
72.0,9,26,16
224.0,9,26,17
57.0,9,26,18
66.0,9,26,19
73.0,9,26,20
43.0,9,26,21
33.0,9,26,22
72.0,9,26,23
25.0,9,27,0
49.0,9,27,1
30.0,9,27,2
36.0,9,27,3
19.0,9,27,4
161.0,9,27,5
62.0,9,27,6
208.0,9,27,7
206.0,9,27,8
197.0,9,27,9
198.0,9,27,10
197.0,9,27,11
181.0,9,27,12
190.0,9,27,13
173.0,9,27,14
271.0,9,27,15
111.0,9,27,16
65.0,9,27,17
231.0,9,27,18
57.0,9,27,19
50.0,9,27,20
256.0,9,27,21
33.0,9,27,22
48.0,9,27,23
46.0,9,28,0
37.0,9,28,1
54.0,9,28,2
75.0,9,28,3
52.0,9,28,4
181.0,9,28,5
261.0,9,28,6
292.0,9,28,7
238.0,9,28,8
252.0,9,28,9
259.0,9,28,10
169.0,9,28,11
268.0,9,28,12
120.0,9,28,13
245.0,9,28,14
245.0,9,28,15
230.0,9,28,16
61.0,9,28,17
213.0,9,28,18
82.0,9,28,19
82.0,9,28,20
64.0,9,28,21
96.0,9,28,22
52.0,9,28,23
73.0,9,29,0
112.0,9,29,1
104.0,9,29,2
116.0,9,29,3
121.0,9,29,4
335.0,9,29,5
253.0,9,29,6
201.0,9,29,7
229.0,9,29,8
311.0,9,29,9
154.0,9,29,10
283.0,9,29,11
200.0,9,29,12
203.0,9,29,13
222.0,9,29,14
58.0,9,29,15
251.0,9,29,16
32.0,9,29,17
97.0,9,29,18
67.0,9,29,19
40.0,9,29,20
70.0,9,29,21
55.0,9,29,22
53.0,9,29,23
60.0,9,30,0
61.0,9,30,1
63.0,9,30,2
58.0,9,30,3
47.0,9,30,4
48.0,9,30,5
58.0,9,30,6
128.0,9,30,7
88.0,9,30,8
21.0,9,30,9
45.0,9,30,10
23.0,9,30,11
51.0,9,30,12
146.0,9,30,13
57.0,9,30,14
28.0,9,30,15
44.0,9,30,16
46.0,9,30,17
66.0,9,30,18
57.0,9,30,19
37.0,9,30,20
55.0,9,30,21
45.0,9,30,22
50.0,9,30,23
