14.3,6,1,0
11.4,6,1,1
7.9,6,1,2
5.3,6,1,3
2.3,6,1,4
4.1,6,1,5
4.0,6,1,6
1.9,6,1,7
1.4,6,1,8
3.8,6,1,9
4.3,6,1,10
4.1,6,1,11
6.2,6,1,12
4.9,6,1,13
6.1,6,1,14
3.2,6,1,15
5.9,6,1,16
8.3,6,1,17
9.1,6,1,18
15.7,6,1,19
11.3,6,1,20
13.2,6,1,21
13.4,6,1,22
12.5,6,1,23
15.9,6,2,0
12.9,6,2,1
11.5,6,2,2
2.5,6,2,3
1.1,6,2,4
2.1,6,2,5
3.6,6,2,6
4.0,6,2,7
4.9,6,2,8
6.0,6,2,9
3.0,6,2,10
5.7,6,2,11
6.3,6,2,12
5.8,6,2,13
4.0,6,2,14
4.7,6,2,15
5.6,6,2,16
11.6,6,2,17
13.8,6,2,18
14.5,6,2,19
12.6,6,2,20
15.6,6,2,21
14.2,6,2,22
13.3,6,2,23
11.7,6,3,0
11.6,6,3,1
12.5,6,3,2
4.8,6,3,3
1.9,6,3,4
1.5,6,3,5
1.6,6,3,6
1.7,6,3,7
2.1,6,3,8
3.8,6,3,9
3.0,6,3,10
3.7,6,3,11
5.9,6,3,12
2.1,6,3,13
3.6,6,3,14
3.5,6,3,15
6.4,6,3,16
8.0,6,3,17
14.1,6,3,18
13.9,6,3,19
12.5,6,3,20
15.4,6,3,21
16.4,6,3,22
15.5,6,3,23
15.0,6,4,0
15.9,6,4,1
13.7,6,4,2
11.7,6,4,3
7.4,6,4,4
2.9,6,4,5
4.4,6,4,6
5.7,6,4,7
2.0,6,4,8
3.2,6,4,9
2.5,6,4,10
4.0,6,4,11
5.3,6,4,12
2.7,6,4,13
5.5,6,4,14
5.8,6,4,15
3.9,6,4,16
9.7,6,4,17
11.7,6,4,18
11.7,6,4,19
11.0,6,4,20
12.7,6,4,21
15.6,6,4,22
14.4,6,4,23
16.9,6,5,0
12.4,6,5,1
10.2,6,5,2
9.3,6,5,3
5.7,6,5,4
3.0,6,5,5
5.4,6,5,6
3.0,6,5,7
5.1,6,5,8
2.9,6,5,9
3.0,6,5,10
5.6,6,5,11
6.8,6,5,12
5.6,6,5,13
6.8,6,5,14
7.3,6,5,15
7.9,6,5,16
10.3,6,5,17
9.4,6,5,18
11.0,6,5,19
12.7,6,5,20
15.3,6,5,21
-99.0,6,5,22
14.5,6,5,23
13.3,6,6,0
13.4,6,6,1
14.4,6,6,2
9.4,6,6,3
3.0,6,6,4
3.3,6,6,5
1.7,6,6,6
5.0,6,6,7
4.5,6,6,8
3.5,6,6,9
3.7,6,6,10
2.9,6,6,11
3.8,6,6,12
1.7,6,6,13
5.7,6,6,14
3.0,6,6,15
2.9,6,6,16
7.4,6,6,17
9.9,6,6,18
12.0,6,6,19
11.1,6,6,20
9.0,6,6,21
9.5,6,6,22
8.6,6,6,23
15.2,6,7,0
14.2,6,7,1
11.1,6,7,2
6.2,6,7,3
2.1,6,7,4
1.7,6,7,5
3.0,6,7,6
1.4,6,7,7
2.7,6,7,8
3.5,6,7,9
1.4,6,7,10
2.2,6,7,11
5.9,6,7,12
5.9,6,7,13
5.8,6,7,14
2.9,6,7,15
4.8,6,7,16
12.6,6,7,17
11.1,6,7,18
10.2,6,7,19
14.2,6,7,20
16.1,6,7,21
16.6,6,7,22
15.3,6,7,23
7.6,6,8,0
14.2,6,8,1
6.5,6,8,2
3.3,6,8,3
2.9,6,8,4
2.3,6,8,5
3.7,6,8,6
6.1,6,8,7
5.9,6,8,8
5.4,6,8,9
5.0,6,8,10
3.8,6,8,11
3.6,6,8,12
5.8,6,8,13
5.4,6,8,14
3.8,6,8,15
4.0,6,8,16
11.8,6,8,17
9.3,6,8,18
5.8,6,8,19
12.3,6,8,20
17.9,6,8,21
15.7,6,8,22
15.3,6,8,23
12.7,6,9,0
10.6,6,9,1
11.1,6,9,2
10.1,6,9,3
2.3,6,9,4
3.9,6,9,5
8.2,6,9,6
3.4,6,9,7
3.0,6,9,8
3.9,6,9,9
4.1,6,9,10
5.1,6,9,11
3.3,6,9,12
4.8,6,9,13
2.6,6,9,14
2.6,6,9,15
5.1,6,9,16
2.1,6,9,17
5.6,6,9,18
13.8,6,9,19
8.7,6,9,20
7.5,6,9,21
18.5,6,9,22
13.6,6,9,23
11.5,6,10,0
10.0,6,10,1
8.2,6,10,2
5.8,6,10,3
4.9,6,10,4
3.5,6,10,5
2.2,6,10,6
2.3,6,10,7
3.1,6,10,8
5.7,6,10,9
3.1,6,10,10
1.1,6,10,11
3.2,6,10,12
4.2,6,10,13
3.1,6,10,14
3.4,6,10,15
8.7,6,10,16
10.4,6,10,17
12.0,6,10,18
13.4,6,10,19
15.9,6,10,20
20.1,6,10,21
20.5,6,10,22
15.0,6,10,23
11.0,6,11,0
14.8,6,11,1
14.4,6,11,2
9.3,6,11,3
4.3,6,11,4
2.6,6,11,5
3.5,6,11,6
2.7,6,11,7
1.9,6,11,8
4.6,6,11,9
4.8,6,11,10
4.3,6,11,11
2.7,6,11,12
2.7,6,11,13
2.7,6,11,14
5.8,6,11,15
6.1,6,11,16
6.8,6,11,17
9.2,6,11,18
14.2,6,11,19
11.5,6,11,20
16.3,6,11,21
14.4,6,11,22
18.5,6,11,23
16.1,6,12,0
14.9,6,12,1
12.2,6,12,2
6.0,6,12,3
4.7,6,12,4
2.4,6,12,5
1.3,6,12,6
1.7,6,12,7
2.2,6,12,8
1.4,6,12,9
1.4,6,12,10
1.8,6,12,11
2.1,6,12,12
3.2,6,12,13
4.0,6,12,14
2.3,6,12,15
4.2,6,12,16
10.4,6,12,17
10.5,6,12,18
13.4,6,12,19
16.1,6,12,20
17.6,6,12,21
17.6,6,12,22
16.6,6,12,23
13.7,6,13,0
14.3,6,13,1
12.0,6,13,2
6.5,6,13,3
7.6,6,13,4
2.1,6,13,5
5.6,6,13,6
2.4,6,13,7
5.4,6,13,8
3.5,6,13,9
3.2,6,13,10
3.5,6,13,11
3.5,6,13,12
3.0,6,13,13
1.9,6,13,14
2.2,6,13,15
6.4,6,13,16
10.0,6,13,17
11.9,6,13,18
14.2,6,13,19
13.8,6,13,20
16.7,6,13,21
19.0,6,13,22
16.8,6,13,23
15.5,6,14,0
11.0,6,14,1
11.5,6,14,2
8.6,6,14,3
2.2,6,14,4
3.1,6,14,5
3.6,6,14,6
3.9,6,14,7
1.8,6,14,8
1.9,6,14,9
2.1,6,14,10
0.6,6,14,11
2.8,6,14,12
2.1,6,14,13
2.4,6,14,14
2.7,6,14,15
8.1,6,14,16
8.8,6,14,17
12.1,6,14,18
15.9,6,14,19
15.4,6,14,20
14.6,6,14,21
14.4,6,14,22
16.9,6,14,23
15.5,6,15,0
14.8,6,15,1
11.4,6,15,2
6.1,6,15,3
1.5,6,15,4
2.2,6,15,5
1.4,6,15,6
1.6,6,15,7
2.4,6,15,8
1.1,6,15,9
3.4,6,15,10
2.4,6,15,11
2.4,6,15,12
3.1,6,15,13
4.2,6,15,14
4.5,6,15,15
6.2,6,15,16
9.4,6,15,17
10.6,6,15,18
14.9,6,15,19
15.0,6,15,20
14.7,6,15,21
14.9,6,15,22
14.6,6,15,23
15.3,6,16,0
13.4,6,16,1
6.2,6,16,2
3.4,6,16,3
3.8,6,16,4
2.1,6,16,5
3.6,6,16,6
4.4,6,16,7
5.1,6,16,8
5.4,6,16,9
4.1,6,16,10
7.5,6,16,11
7.4,6,16,12
5.6,6,16,13
6.9,6,16,14
2.9,6,16,15
5.6,6,16,16
5.9,6,16,17
9.7,6,16,18
11.3,6,16,19
13.5,6,16,20
17.1,6,16,21
16.6,6,16,22
14.7,6,16,23
16.2,6,17,0
11.0,6,17,1
6.5,6,17,2
3.4,6,17,3
1.9,6,17,4
2.9,6,17,5
2.4,6,17,6
4.0,6,17,7
4.3,6,17,8
3.7,6,17,9
6.1,6,17,10
3.3,6,17,11
5.1,6,17,12
5.8,6,17,13
3.3,6,17,14
2.9,6,17,15
3.6,6,17,16
11.3,6,17,17
12.3,6,17,18
13.4,6,17,19
14.1,6,17,20
15.4,6,17,21
15.0,6,17,22
13.1,6,17,23
13.5,6,18,0
12.9,6,18,1
7.7,6,18,2
3.1,6,18,3
1.1,6,18,4
2.0,6,18,5
2.9,6,18,6
4.5,6,18,7
5.1,6,18,8
5.5,6,18,9
4.2,6,18,10
4.7,6,18,11
4.8,6,18,12
4.5,6,18,13
5.7,6,18,14
3.3,6,18,15
4.1,6,18,16
6.0,6,18,17
11.0,6,18,18
15.8,6,18,19
10.4,6,18,20
15.8,6,18,21
13.7,6,18,22
11.0,6,18,23
12.1,6,19,0
15.1,6,19,1
7.6,6,19,2
3.6,6,19,3
1.4,6,19,4
3.6,6,19,5
3.2,6,19,6
2.7,6,19,7
7.3,6,19,8
5.6,6,19,9
7.5,6,19,10
5.6,6,19,11
5.9,6,19,12
6.2,6,19,13
5.1,6,19,14
5.4,6,19,15
1.9,6,19,16
6.4,6,19,17
12.6,6,19,18
12.4,6,19,19
12.6,6,19,20
14.2,6,19,21
14.7,6,19,22
11.8,6,19,23
12.1,6,20,0
10.8,6,20,1
6.9,6,20,2
2.6,6,20,3
0.9,6,20,4
2.8,6,20,5
1.9,6,20,6
3.1,6,20,7
6.4,6,20,8
4.3,6,20,9
5.8,6,20,10
7.5,6,20,11
5.1,6,20,12
5.5,6,20,13
4.8,6,20,14
5.6,6,20,15
2.1,6,20,16
7.7,6,20,17
11.2,6,20,18
11.3,6,20,19
15.3,6,20,20
17.2,6,20,21
18.6,6,20,22
15.8,6,20,23
10.1,6,21,0
16.9,6,21,1
8.1,6,21,2
1.8,6,21,3
6.1,6,21,4
3.5,6,21,5
2.7,6,21,6
3.8,6,21,7
4.7,6,21,8
8.5,6,21,9
4.5,6,21,10
5.3,6,21,11
4.4,6,21,12
4.7,6,21,13
5.7,6,21,14
4.0,6,21,15
6.3,6,21,16
10.7,6,21,17
11.8,6,21,18
13.6,6,21,19
13.5,6,21,20
6.2,6,21,21
15.6,6,21,22
15.9,6,21,23
11.7,6,22,0
7.0,6,22,1
7.1,6,22,2
3.7,6,22,3
3.2,6,22,4
2.6,6,22,5
1.7,6,22,6
2.6,6,22,7
0.6,6,22,8
3.8,6,22,9
1.8,6,22,10
4.8,6,22,11
6.0,6,22,12
5.6,6,22,13
5.8,6,22,14
4.5,6,22,15
4.3,6,22,16
10.1,6,22,17
11.6,6,22,18
15.7,6,22,19
15.1,6,22,20
16.5,6,22,21
18.7,6,22,22
17.2,6,22,23
14.7,6,23,0
14.1,6,23,1
12.0,6,23,2
5.5,6,23,3
4.2,6,23,4
2.9,6,23,5
2.8,6,23,6
1.6,6,23,7
3.2,6,23,8
4.5,6,23,9
6.6,6,23,10
5.1,6,23,11
6.1,6,23,12
5.2,6,23,13
7.1,6,23,14
7.1,6,23,15
2.7,6,23,16
8.1,6,23,17
12.0,6,23,18
13.1,6,23,19
18.0,6,23,20
12.4,6,23,21
12.3,6,23,22
15.8,6,23,23
13.1,6,24,0
11.8,6,24,1
7.2,6,24,2
4.6,6,24,3
3.1,6,24,4
2.6,6,24,5
3.1,6,24,6
3.9,6,24,7
5.6,6,24,8
4.1,6,24,9
4.4,6,24,10
4.1,6,24,11
4.4,6,24,12
5.2,6,24,13
3.8,6,24,14
4.5,6,24,15
2.9,6,24,16
6.9,6,24,17
11.4,6,24,18
12.1,6,24,19
14.3,6,24,20
15.4,6,24,21
16.7,6,24,22
14.2,6,24,23
13.1,6,25,0
13.7,6,25,1
10.1,6,25,2
3.9,6,25,3
2.6,6,25,4
1.6,6,25,5
4.7,6,25,6
4.1,6,25,7
3.7,6,25,8
4.7,6,25,9
5.0,6,25,10
3.0,6,25,11
5.2,6,25,12
3.5,6,25,13
2.6,6,25,14
3.5,6,25,15
1.9,6,25,16
8.4,6,25,17
12.2,6,25,18
12.4,6,25,19
14.4,6,25,20
15.7,6,25,21
17.5,6,25,22
16.4,6,25,23
15.4,6,26,0
11.8,6,26,1
7.3,6,26,2
1.7,6,26,3
1.9,6,26,4
2.9,6,26,5
5.4,6,26,6
2.1,6,26,7
2.7,6,26,8
3.0,6,26,9
2.5,6,26,10
5.1,6,26,11
4.7,6,26,12
4.9,6,26,13
3.0,6,26,14
3.7,6,26,15
1.7,6,26,16
8.3,6,26,17
7.1,6,26,18
4.3,6,26,19
8.1,6,26,20
9.9,6,26,21
12.4,6,26,22
7.5,6,26,23
15.2,6,27,0
9.3,6,27,1
5.5,6,27,2
5.0,6,27,3
2.0,6,27,4
3.7,6,27,5
2.0,6,27,6
2.0,6,27,7
2.7,6,27,8
1.5,6,27,9
3.9,6,27,10
4.6,6,27,11
4.3,6,27,12
3.3,6,27,13
3.2,6,27,14
2.6,6,27,15
2.3,6,27,16
8.6,6,27,17
8.0,6,27,18
9.5,6,27,19
10.6,6,27,20
8.9,6,27,21
7.7,6,27,22
8.5,6,27,23
4.3,6,28,0
4.5,6,28,1
8.7,6,28,2
4.0,6,28,3
1.0,6,28,4
2.3,6,28,5
2.1,6,28,6
2.9,6,28,7
5.2,6,28,8
3.6,6,28,9
3.0,6,28,10
2.6,6,28,11
4.3,6,28,12
4.0,6,28,13
2.8,6,28,14
7.2,6,28,15
3.4,6,28,16
10.6,6,28,17
5.4,6,28,18
10.1,6,28,19
4.8,6,28,20
7.5,6,28,21
11.7,6,28,22
14.6,6,28,23
9.8,6,29,0
3.4,6,29,1
6.4,6,29,2
4.7,6,29,3
1.5,6,29,4
0.9,6,29,5
2.6,6,29,6
2.2,6,29,7
2.3,6,29,8
3.4,6,29,9
5.1,6,29,10
2.2,6,29,11
5.4,6,29,12
3.0,6,29,13
3.0,6,29,14
3.3,6,29,15
5.7,6,29,16
7.8,6,29,17
10.7,6,29,18
7.6,6,29,19
13.3,6,29,20
12.1,6,29,21
5.9,6,29,22
4.7,6,29,23
7.9,6,30,0
7.5,6,30,1
8.9,6,30,2
2.0,6,30,3
2.6,6,30,4
3.3,6,30,5
3.0,6,30,6
2.2,6,30,7
3.7,6,30,8
2.7,6,30,9
3.0,6,30,10
3.5,6,30,11
4.3,6,30,12
3.1,6,30,13
4.1,6,30,14
4.3,6,30,15
3.9,6,30,16
8.1,6,30,17
12.6,6,30,18
11.4,6,30,19
8.0,6,30,20
10.9,6,30,21
5.4,6,30,22
11.0,6,30,23
