9.0,1,1,0
0.0,1,1,1
0.0,1,1,2
0.0,1,1,3
0.0,1,1,4
0.0,1,1,5
0.0,1,1,6
0.0,1,1,7
0.0,1,1,8
0.0,1,1,9
0.0,1,1,10
0.0,1,1,11
0.0,1,1,12
0.0,1,1,13
46.0,1,1,14
104.0,1,1,15
154.0,1,1,16
398.0,1,1,17
410.0,1,1,18
885.0,1,1,19
807.0,1,1,20
251.0,1,1,21
201.0,1,1,22
51.0,1,1,23
6.0,1,2,0
0.0,1,2,1
0.0,1,2,2
0.0,1,2,3
0.0,1,2,4
0.0,1,2,5
0.0,1,2,6
0.0,1,2,7
0.0,1,2,8
0.0,1,2,9
0.0,1,2,10
0.0,1,2,11
0.0,1,2,12
0.0,1,2,13
28.0,1,2,14
48.0,1,2,15
71.0,1,2,16
384.0,1,2,17
309.0,1,2,18
388.0,1,2,19
865.0,1,2,20
802.0,1,2,21
485.0,1,2,22
132.0,1,2,23
3.0,1,3,0
0.0,1,3,1
0.0,1,3,2
0.0,1,3,3
0.0,1,3,4
0.0,1,3,5
0.0,1,3,6
0.0,1,3,7
0.0,1,3,8
0.0,1,3,9
0.0,1,3,10
0.0,1,3,11
0.0,1,3,12
0.0,1,3,13
21.0,1,3,14
47.0,1,3,15
108.0,1,3,16
401.0,1,3,17
348.0,1,3,18
357.0,1,3,19
893.0,1,3,20
464.0,1,3,21
427.0,1,3,22
63.0,1,3,23
9.0,1,4,0
0.0,1,4,1
0.0,1,4,2
0.0,1,4,3
0.0,1,4,4
0.0,1,4,5
0.0,1,4,6
0.0,1,4,7
0.0,1,4,8
0.0,1,4,9
0.0,1,4,10
0.0,1,4,11
0.0,1,4,12
0.0,1,4,13
59.0,1,4,14
126.0,1,4,15
273.0,1,4,16
403.0,1,4,17
448.0,1,4,18
931.0,1,4,19
477.0,1,4,20
220.0,1,4,21
226.0,1,4,22
108.0,1,4,23
13.0,1,5,0
0.0,1,5,1
0.0,1,5,2
0.0,1,5,3
0.0,1,5,4
0.0,1,5,5
0.0,1,5,6
0.0,1,5,7
0.0,1,5,8
0.0,1,5,9
0.0,1,5,10
0.0,1,5,11
0.0,1,5,12
0.0,1,5,13
66.0,1,5,14
109.0,1,5,15
419.0,1,5,16
412.0,1,5,17
223.0,1,5,18
429.0,1,5,19
137.0,1,5,20
77.0,1,5,21
54.0,1,5,22
68.0,1,5,23
8.0,1,6,0
0.0,1,6,1
0.0,1,6,2
0.0,1,6,3
0.0,1,6,4
0.0,1,6,5
0.0,1,6,6
0.0,1,6,7
0.0,1,6,8
0.0,1,6,9
0.0,1,6,10
0.0,1,6,11
0.0,1,6,12
0.0,1,6,13
41.0,1,6,14
171.0,1,6,15
325.0,1,6,16
418.0,1,6,17
415.0,1,6,18
657.0,1,6,19
495.0,1,6,20
115.0,1,6,21
210.0,1,6,22
166.0,1,6,23
13.0,1,7,0
0.0,1,7,1
0.0,1,7,2
0.0,1,7,3
0.0,1,7,4
0.0,1,7,5
0.0,1,7,6
0.0,1,7,7
0.0,1,7,8
0.0,1,7,9
0.0,1,7,10
0.0,1,7,11
0.0,1,7,12
0.0,1,7,13
72.0,1,7,14
175.0,1,7,15
314.0,1,7,16
267.0,1,7,17
513.0,1,7,18
951.0,1,7,19
885.0,1,7,20
726.0,1,7,21
503.0,1,7,22
121.0,1,7,23
17.0,1,8,0
0.0,1,8,1
0.0,1,8,2
0.0,1,8,3
0.0,1,8,4
0.0,1,8,5
0.0,1,8,6
0.0,1,8,7
0.0,1,8,8
0.0,1,8,9
0.0,1,8,10
0.0,1,8,11
0.0,1,8,12
0.0,1,8,13
43.0,1,8,14
168.0,1,8,15
191.0,1,8,16
260.0,1,8,17
167.0,1,8,18
564.0,1,8,19
401.0,1,8,20
409.0,1,8,21
395.0,1,8,22
124.0,1,8,23
17.0,1,9,0
0.0,1,9,1
0.0,1,9,2
0.0,1,9,3
0.0,1,9,4
0.0,1,9,5
0.0,1,9,6
0.0,1,9,7
0.0,1,9,8
0.0,1,9,9
0.0,1,9,10
0.0,1,9,11
0.0,1,9,12
0.0,1,9,13
28.0,1,9,14
68.0,1,9,15
152.0,1,9,16
302.0,1,9,17
541.0,1,9,18
655.0,1,9,19
719.0,1,9,20
557.0,1,9,21
139.0,1,9,22
7.0,1,9,23
20.0,1,10,0
0.0,1,10,1
0.0,1,10,2
0.0,1,10,3
0.0,1,10,4
0.0,1,10,5
0.0,1,10,6
0.0,1,10,7
0.0,1,10,8
0.0,1,10,9
0.0,1,10,10
0.0,1,10,11
0.0,1,10,12
0.0,1,10,13
36.0,1,10,14
67.0,1,10,15
95.0,1,10,16
622.0,1,10,17
687.0,1,10,18
741.0,1,10,19
-99.0,1,10,20
305.0,1,10,21
513.0,1,10,22
75.0,1,10,23
20.0,1,11,0
1.0,1,11,1
0.0,1,11,2
0.0,1,11,3
0.0,1,11,4
0.0,1,11,5
0.0,1,11,6
0.0,1,11,7
0.0,1,11,8
0.0,1,11,9
0.0,1,11,10
0.0,1,11,11
0.0,1,11,12
0.0,1,11,13
36.0,1,11,14
63.0,1,11,15
78.0,1,11,16
682.0,1,11,17
769.0,1,11,18
893.0,1,11,19
850.0,1,11,20
694.0,1,11,21
499.0,1,11,22
104.0,1,11,23
16.0,1,12,0
0.0,1,12,1
0.0,1,12,2
0.0,1,12,3
0.0,1,12,4
0.0,1,12,5
0.0,1,12,6
0.0,1,12,7
0.0,1,12,8
0.0,1,12,9
0.0,1,12,10
0.0,1,12,11
0.0,1,12,12
0.0,1,12,13
33.0,1,12,14
63.0,1,12,15
80.0,1,12,16
622.0,1,12,17
734.0,1,12,18
944.0,1,12,19
806.0,1,12,20
666.0,1,12,21
364.0,1,12,22
147.0,1,12,23
22.0,1,13,0
0.0,1,13,1
0.0,1,13,2
0.0,1,13,3
0.0,1,13,4
0.0,1,13,5
0.0,1,13,6
0.0,1,13,7
0.0,1,13,8
0.0,1,13,9
0.0,1,13,10
0.0,1,13,11
0.0,1,13,12
0.0,1,13,13
35.0,1,13,14
71.0,1,13,15
101.0,1,13,16
652.0,1,13,17
710.0,1,13,18
1008.0,1,13,19
705.0,1,13,20
440.0,1,13,21
226.0,1,13,22
144.0,1,13,23
12.0,1,14,0
0.0,1,14,1
0.0,1,14,2
0.0,1,14,3
0.0,1,14,4
0.0,1,14,5
0.0,1,14,6
0.0,1,14,7
0.0,1,14,8
0.0,1,14,9
0.0,1,14,10
0.0,1,14,11
0.0,1,14,12
0.0,1,14,13
30.0,1,14,14
122.0,1,14,15
145.0,1,14,16
549.0,1,14,17
510.0,1,14,18
913.0,1,14,19
810.0,1,14,20
559.0,1,14,21
417.0,1,14,22
104.0,1,14,23
16.0,1,15,0
0.0,1,15,1
0.0,1,15,2
0.0,1,15,3
0.0,1,15,4
0.0,1,15,5
0.0,1,15,6
0.0,1,15,7
0.0,1,15,8
0.0,1,15,9
0.0,1,15,10
-99.0,1,15,11
-99.0,1,15,12
-99.0,1,15,13
-99.0,1,15,14
-99.0,1,15,15
-99.0,1,15,16
-99.0,1,15,17
444.0,1,15,18
853.0,1,15,19
798.0,1,15,20
616.0,1,15,21
425.0,1,15,22
100.0,1,15,23
17.0,1,16,0
0.0,1,16,1
0.0,1,16,2
0.0,1,16,3
0.0,1,16,4
0.0,1,16,5
0.0,1,16,6
0.0,1,16,7
0.0,1,16,8
0.0,1,16,9
-99.0,1,16,10
-99.0,1,16,11
-99.0,1,16,12
-99.0,1,16,13
-99.0,1,16,14
-99.0,1,16,15
-99.0,1,16,16
-99.0,1,16,17
-99.0,1,16,18
914.0,1,16,19
790.0,1,16,20
623.0,1,16,21
421.0,1,16,22
124.0,1,16,23
9.0,1,17,0
0.0,1,17,1
0.0,1,17,2
0.0,1,17,3
0.0,1,17,4
0.0,1,17,5
0.0,1,17,6
0.0,1,17,7
0.0,1,17,8
-99.0,1,17,9
-99.0,1,17,10
-99.0,1,17,11
-99.0,1,17,12
-99.0,1,17,13
-99.0,1,17,14
-99.0,1,17,15
-99.0,1,17,16
-99.0,1,17,17
419.0,1,17,18
352.0,1,17,19
797.0,1,17,20
666.0,1,17,21
453.0,1,17,22
104.0,1,17,23
19.0,1,18,0
0.0,1,18,1
0.0,1,18,2
0.0,1,18,3
0.0,1,18,4
0.0,1,18,5
0.0,1,18,6
0.0,1,18,7
0.0,1,18,8
-99.0,1,18,9
-99.0,1,18,10
-99.0,1,18,11
-99.0,1,18,12
-99.0,1,18,13
-99.0,1,18,14
-99.0,1,18,15
-99.0,1,18,16
-99.0,1,18,17
-99.0,1,18,18
897.0,1,18,19
854.0,1,18,20
701.0,1,18,21
499.0,1,18,22
119.0,1,18,23
19.0,1,19,0
0.0,1,19,1
0.0,1,19,2
0.0,1,19,3
0.0,1,19,4
0.0,1,19,5
0.0,1,19,6
0.0,1,19,7
0.0,1,19,8
0.0,1,19,9
-99.0,1,19,10
-99.0,1,19,11
-99.0,1,19,12
-99.0,1,19,13
-99.0,1,19,14
-99.0,1,19,15
-99.0,1,19,16
-99.0,1,19,17
-99.0,1,19,18
498.0,1,19,19
866.0,1,19,20
714.0,1,19,21
472.0,1,19,22
83.0,1,19,23
26.0,1,20,0
0.0,1,20,1
0.0,1,20,2
0.0,1,20,3
0.0,1,20,4
0.0,1,20,5
0.0,1,20,6
0.0,1,20,7
0.0,1,20,8
0.0,1,20,9
-99.0,1,20,10
-99.0,1,20,11
-99.0,1,20,12
-99.0,1,20,13
-99.0,1,20,14
-99.0,1,20,15
-99.0,1,20,16
-99.0,1,20,17
-99.0,1,20,18
757.0,1,20,19
591.0,1,20,20
569.0,1,20,21
372.0,1,20,22
91.0,1,20,23
25.0,1,21,0
0.0,1,21,1
0.0,1,21,2
0.0,1,21,3
0.0,1,21,4
0.0,1,21,5
0.0,1,21,6
0.0,1,21,7
0.0,1,21,8
-99.0,1,21,9
-99.0,1,21,10
-99.0,1,21,11
-99.0,1,21,12
-99.0,1,21,13
-99.0,1,21,14
-99.0,1,21,15
-99.0,1,21,16
-99.0,1,21,17
-99.0,1,21,18
890.0,1,21,19
823.0,1,21,20
324.0,1,21,21
170.0,1,21,22
166.0,1,21,23
46.0,1,22,0
0.0,1,22,1
0.0,1,22,2
0.0,1,22,3
0.0,1,22,4
0.0,1,22,5
0.0,1,22,6
-99.0,1,22,7
-99.0,1,22,8
-99.0,1,22,9
-99.0,1,22,10
-99.0,1,22,11
-99.0,1,22,12
-99.0,1,22,13
-99.0,1,22,14
-99.0,1,22,15
-99.0,1,22,16
-99.0,1,22,17
-99.0,1,22,18
923.0,1,22,19
881.0,1,22,20
756.0,1,22,21
470.0,1,22,22
115.0,1,22,23
23.0,1,23,0
0.0,1,23,1
0.0,1,23,2
0.0,1,23,3
0.0,1,23,4
0.0,1,23,5
0.0,1,23,6
0.0,1,23,7
0.0,1,23,8
-99.0,1,23,9
-99.0,1,23,10
-99.0,1,23,11
-99.0,1,23,12
-99.0,1,23,13
-99.0,1,23,14
-99.0,1,23,15
-99.0,1,23,16
-99.0,1,23,17
-99.0,1,23,18
939.0,1,23,19
832.0,1,23,20
550.0,1,23,21
574.0,1,23,22
145.0,1,23,23
62.0,1,24,0
0.0,1,24,1
0.0,1,24,2
0.0,1,24,3
0.0,1,24,4
0.0,1,24,5
0.0,1,24,6
0.0,1,24,7
0.0,1,24,8
0.0,1,24,9
0.0,1,24,10
-99.0,1,24,11
-99.0,1,24,12
-99.0,1,24,13
-99.0,1,24,14
-99.0,1,24,15
-99.0,1,24,16
-99.0,1,24,17
-99.0,1,24,18
908.0,1,24,19
889.0,1,24,20
102.0,1,24,21
146.0,1,24,22
36.0,1,24,23
31.0,1,25,0
0.0,1,25,1
0.0,1,25,2
-99.0,1,25,3
-99.0,1,25,4
-99.0,1,25,5
-99.0,1,25,6
-99.0,1,25,7
-99.0,1,25,8
-99.0,1,25,9
-99.0,1,25,10
-99.0,1,25,11
-99.0,1,25,12
-99.0,1,25,13
-99.0,1,25,14
-99.0,1,25,15
-99.0,1,25,16
-99.0,1,25,17
419.0,1,25,18
385.0,1,25,19
474.0,1,25,20
394.0,1,25,21
216.0,1,25,22
93.0,1,25,23
31.0,1,26,0
-99.0,1,26,1
-99.0,1,26,2
-99.0,1,26,3
-99.0,1,26,4
-99.0,1,26,5
-99.0,1,26,6
-99.0,1,26,7
-99.0,1,26,8
-99.0,1,26,9
-99.0,1,26,10
-99.0,1,26,11
-99.0,1,26,12
-99.0,1,26,13
-99.0,1,26,14
-99.0,1,26,15
-99.0,1,26,16
-99.0,1,26,17
-99.0,1,26,18
802.0,1,26,19
781.0,1,26,20
686.0,1,26,21
401.0,1,26,22
136.0,1,26,23
33.0,1,27,0
0.0,1,27,1
-99.0,1,27,2
-99.0,1,27,3
-99.0,1,27,4
-99.0,1,27,5
-99.0,1,27,6
-99.0,1,27,7
-99.0,1,27,8
-99.0,1,27,9
-99.0,1,27,10
-99.0,1,27,11
-99.0,1,27,12
-99.0,1,27,13
-99.0,1,27,14
-99.0,1,27,15
-99.0,1,27,16
-99.0,1,27,17
-99.0,1,27,18
884.0,1,27,19
889.0,1,27,20
793.0,1,27,21
573.0,1,27,22
183.0,1,27,23
27.0,1,28,0
0.0,1,28,1
0.0,1,28,2
-99.0,1,28,3
-99.0,1,28,4
-99.0,1,28,5
-99.0,1,28,6
-99.0,1,28,7
-99.0,1,28,8
-99.0,1,28,9
-99.0,1,28,10
-99.0,1,28,11
-99.0,1,28,12
-99.0,1,28,13
-99.0,1,28,14
-99.0,1,28,15
-99.0,1,28,16
-99.0,1,28,17
-99.0,1,28,18
1020.0,1,28,19
974.0,1,28,20
805.0,1,28,21
593.0,1,28,22
192.0,1,28,23
19.0,1,29,0
0.0,1,29,1
0.0,1,29,2
0.0,1,29,3
0.0,1,29,4
-99.0,1,29,5
-99.0,1,29,6
-99.0,1,29,7
-99.0,1,29,8
-99.0,1,29,9
-99.0,1,29,10
-99.0,1,29,11
-99.0,1,29,12
-99.0,1,29,13
-99.0,1,29,14
-99.0,1,29,15
-99.0,1,29,16
-99.0,1,29,17
-99.0,1,29,18
1052.0,1,29,19
983.0,1,29,20
832.0,1,29,21
590.0,1,29,22
181.0,1,29,23
19.0,1,30,0
0.0,1,30,1
0.0,1,30,2
0.0,1,30,3
0.0,1,30,4
0.0,1,30,5
-99.0,1,30,6
-99.0,1,30,7
-99.0,1,30,8
-99.0,1,30,9
-99.0,1,30,10
-99.0,1,30,11
-99.0,1,30,12
-99.0,1,30,13
-99.0,1,30,14
-99.0,1,30,15
-99.0,1,30,16
-99.0,1,30,17
-99.0,1,30,18
932.0,1,30,19
798.0,1,30,20
743.0,1,30,21
562.0,1,30,22
230.0,1,30,23
26.0,1,31,0
0.0,1,31,1
0.0,1,31,2
0.0,1,31,3
0.0,1,31,4
0.0,1,31,5
0.0,1,31,6
-99.0,1,31,7
-99.0,1,31,8
-99.0,1,31,9
-99.0,1,31,10
-99.0,1,31,11
-99.0,1,31,12
-99.0,1,31,13
-99.0,1,31,14
-99.0,1,31,15
-99.0,1,31,16
-99.0,1,31,17
-99.0,1,31,18
1002.0,1,31,19
922.0,1,31,20
812.0,1,31,21
602.0,1,31,22
187.0,1,31,23
