258.0,6,1,0
2.0,6,1,1
344.0,6,1,2
52.0,6,1,3
276.0,6,1,4
298.0,6,1,5
324.0,6,1,6
306.0,6,1,7
305.0,6,1,8
308.0,6,1,9
312.0,6,1,10
306.0,6,1,11
300.0,6,1,12
285.0,6,1,13
348.0,6,1,14
328.0,6,1,15
229.0,6,1,16
15.0,6,1,17
350.0,6,1,18
331.0,6,1,19
105.0,6,1,20
32.0,6,1,21
15.0,6,1,22
354.0,6,1,23
85.0,6,2,0
55.0,6,2,1
68.0,6,2,2
78.0,6,2,3
77.0,6,2,4
307.0,6,2,5
339.0,6,2,6
328.0,6,2,7
203.0,6,2,8
48.0,6,2,9
279.0,6,2,10
54.0,6,2,11
340.0,6,2,12
309.0,6,2,13
287.0,6,2,14
241.0,6,2,15
119.0,6,2,16
270.0,6,2,17
80.0,6,2,18
0.0,6,2,19
308.0,6,2,20
327.0,6,2,21
9.0,6,2,22
352.0,6,2,23
39.0,6,3,0
89.0,6,3,1
52.0,6,3,2
85.0,6,3,3
341.0,6,3,4
302.0,6,3,5
313.0,6,3,6
311.0,6,3,7
315.0,6,3,8
310.0,6,3,9
332.0,6,3,10
85.0,6,3,11
73.0,6,3,12
70.0,6,3,13
88.0,6,3,14
66.0,6,3,15
350.0,6,3,16
76.0,6,3,17
330.0,6,3,18
323.0,6,3,19
37.0,6,3,20
49.0,6,3,21
325.0,6,3,22
18.0,6,3,23
355.0,6,4,0
108.0,6,4,1
103.0,6,4,2
84.0,6,4,3
66.0,6,4,4
105.0,6,4,5
355.0,6,4,6
62.0,6,4,7
73.0,6,4,8
84.0,6,4,9
307.0,6,4,10
321.0,6,4,11
311.0,6,4,12
303.0,6,4,13
38.0,6,4,14
161.0,6,4,15
118.0,6,4,16
121.0,6,4,17
134.0,6,4,18
346.0,6,4,19
329.0,6,4,20
72.0,6,4,21
96.0,6,4,22
329.0,6,4,23
345.0,6,5,0
131.0,6,5,1
132.0,6,5,2
120.0,6,5,3
212.0,6,5,4
199.0,6,5,5
272.0,6,5,6
299.0,6,5,7
309.0,6,5,8
295.0,6,5,9
300.0,6,5,10
279.0,6,5,11
272.0,6,5,12
13.0,6,5,13
85.0,6,5,14
119.0,6,5,15
55.0,6,5,16
149.0,6,5,17
100.0,6,5,18
109.0,6,5,19
140.0,6,5,20
219.0,6,5,21
303.0,6,5,22
343.0,6,5,23
71.0,6,6,0
308.0,6,6,1
328.0,6,6,2
308.0,6,6,3
344.0,6,6,4
352.0,6,6,5
331.0,6,6,6
316.0,6,6,7
315.0,6,6,8
355.0,6,6,9
296.0,6,6,10
316.0,6,6,11
317.0,6,6,12
336.0,6,6,13
13.0,6,6,14
126.0,6,6,15
204.0,6,6,16
102.0,6,6,17
76.0,6,6,18
55.0,6,6,19
28.0,6,6,20
345.0,6,6,21
227.0,6,6,22
86.0,6,6,23
311.0,6,7,0
69.0,6,7,1
161.0,6,7,2
135.0,6,7,3
85.0,6,7,4
224.0,6,7,5
110.0,6,7,6
242.0,6,7,7
107.0,6,7,8
123.0,6,7,9
96.0,6,7,10
141.0,6,7,11
154.0,6,7,12
129.0,6,7,13
72.0,6,7,14
309.0,6,7,15
96.0,6,7,16
64.0,6,7,17
64.0,6,7,18
35.0,6,7,19
0.0,6,7,20
17.0,6,7,21
15.0,6,7,22
355.0,6,7,23
99.0,6,8,0
69.0,6,8,1
60.0,6,8,2
139.0,6,8,3
84.0,6,8,4
151.0,6,8,5
295.0,6,8,6
308.0,6,8,7
280.0,6,8,8
283.0,6,8,9
245.0,6,8,10
291.0,6,8,11
325.0,6,8,12
349.0,6,8,13
333.0,6,8,14
322.0,6,8,15
279.0,6,8,16
309.0,6,8,17
308.0,6,8,18
346.0,6,8,19
49.0,6,8,20
360.0,6,8,21
351.0,6,8,22
1.0,6,8,23
356.0,6,9,0
26.0,6,9,1
41.0,6,9,2
78.0,6,9,3
79.0,6,9,4
324.0,6,9,5
340.0,6,9,6
321.0,6,9,7
260.0,6,9,8
280.0,6,9,9
276.0,6,9,10
297.0,6,9,11
286.0,6,9,12
301.0,6,9,13
312.0,6,9,14
331.0,6,9,15
29.0,6,9,16
87.0,6,9,17
109.0,6,9,18
13.0,6,9,19
359.0,6,9,20
49.0,6,9,21
348.0,6,9,22
325.0,6,9,23
3.0,6,10,0
2.0,6,10,1
51.0,6,10,2
78.0,6,10,3
2.0,6,10,4
321.0,6,10,5
338.0,6,10,6
314.0,6,10,7
329.0,6,10,8
333.0,6,10,9
285.0,6,10,10
118.0,6,10,11
72.0,6,10,12
64.0,6,10,13
335.0,6,10,14
10.0,6,10,15
78.0,6,10,16
99.0,6,10,17
5.0,6,10,18
308.0,6,10,19
74.0,6,10,20
341.0,6,10,21
308.0,6,10,22
97.0,6,10,23
357.0,6,11,0
355.0,6,11,1
66.0,6,11,2
57.0,6,11,3
325.0,6,11,4
324.0,6,11,5
330.0,6,11,6
323.0,6,11,7
319.0,6,11,8
306.0,6,11,9
308.0,6,11,10
163.0,6,11,11
83.0,6,11,12
32.0,6,11,13
91.0,6,11,14
4.0,6,11,15
357.0,6,11,16
96.0,6,11,17
75.0,6,11,18
48.0,6,11,19
1.0,6,11,20
37.0,6,11,21
324.0,6,11,22
10.0,6,11,23
22.0,6,12,0
97.0,6,12,1
89.0,6,12,2
61.0,6,12,3
35.0,6,12,4
347.0,6,12,5
302.0,6,12,6
297.0,6,12,7
134.0,6,12,8
264.0,6,12,9
277.0,6,12,10
153.0,6,12,11
309.0,6,12,12
95.0,6,12,13
103.0,6,12,14
156.0,6,12,15
92.0,6,12,16
1.0,6,12,17
150.0,6,12,18
108.0,6,12,19
113.0,6,12,20
241.0,6,12,21
95.0,6,12,22
102.0,6,12,23
38.0,6,13,0
248.0,6,13,1
325.0,6,13,2
287.0,6,13,3
254.0,6,13,4
283.0,6,13,5
146.0,6,13,6
41.0,6,13,7
325.0,6,13,8
326.0,6,13,9
334.0,6,13,10
340.0,6,13,11
261.0,6,13,12
208.0,6,13,13
126.0,6,13,14
314.0,6,13,15
349.0,6,13,16
18.0,6,13,17
109.0,6,13,18
202.0,6,13,19
159.0,6,13,20
215.0,6,13,21
275.0,6,13,22
80.0,6,13,23
194.0,6,14,0
3.0,6,14,1
40.0,6,14,2
59.0,6,14,3
40.0,6,14,4
248.0,6,14,5
105.0,6,14,6
112.0,6,14,7
270.0,6,14,8
310.0,6,14,9
289.0,6,14,10
45.0,6,14,11
288.0,6,14,12
12.0,6,14,13
107.0,6,14,14
19.0,6,14,15
49.0,6,14,16
152.0,6,14,17
50.0,6,14,18
162.0,6,14,19
199.0,6,14,20
173.0,6,14,21
212.0,6,14,22
165.0,6,14,23
294.0,6,15,0
128.0,6,15,1
110.0,6,15,2
114.0,6,15,3
146.0,6,15,4
108.0,6,15,5
97.0,6,15,6
87.0,6,15,7
104.0,6,15,8
116.0,6,15,9
142.0,6,15,10
124.0,6,15,11
64.0,6,15,12
59.0,6,15,13
124.0,6,15,14
63.0,6,15,15
106.0,6,15,16
107.0,6,15,17
95.0,6,15,18
125.0,6,15,19
142.0,6,15,20
165.0,6,15,21
218.0,6,15,22
310.0,6,15,23
141.0,6,16,0
341.0,6,16,1
342.0,6,16,2
324.0,6,16,3
308.0,6,16,4
305.0,6,16,5
291.0,6,16,6
278.0,6,16,7
300.0,6,16,8
308.0,6,16,9
263.0,6,16,10
127.0,6,16,11
81.0,6,16,12
188.0,6,16,13
114.0,6,16,14
1.0,6,16,15
146.0,6,16,16
177.0,6,16,17
194.0,6,16,18
124.0,6,16,19
95.0,6,16,20
334.0,6,16,21
324.0,6,16,22
346.0,6,16,23
32.0,6,17,0
359.0,6,17,1
338.0,6,17,2
310.0,6,17,3
278.0,6,17,4
270.0,6,17,5
88.0,6,17,6
273.0,6,17,7
285.0,6,17,8
342.0,6,17,9
279.0,6,17,10
118.0,6,17,11
94.0,6,17,12
305.0,6,17,13
58.0,6,17,14
311.0,6,17,15
101.0,6,17,16
17.0,6,17,17
63.0,6,17,18
1.0,6,17,19
178.0,6,17,20
33.0,6,17,21
188.0,6,17,22
203.0,6,17,23
319.0,6,18,0
291.0,6,18,1
78.0,6,18,2
342.0,6,18,3
48.0,6,18,4
238.0,6,18,5
348.0,6,18,6
338.0,6,18,7
312.0,6,18,8
327.0,6,18,9
329.0,6,18,10
313.0,6,18,11
325.0,6,18,12
45.0,6,18,13
12.0,6,18,14
47.0,6,18,15
7.0,6,18,16
359.0,6,18,17
354.0,6,18,18
184.0,6,18,19
211.0,6,18,20
44.0,6,18,21
129.0,6,18,22
257.0,6,18,23
207.0,6,19,0
146.0,6,19,1
352.0,6,19,2
79.0,6,19,3
149.0,6,19,4
83.0,6,19,5
17.0,6,19,6
105.0,6,19,7
214.0,6,19,8
251.0,6,19,9
110.0,6,19,10
279.0,6,19,11
270.0,6,19,12
310.0,6,19,13
354.0,6,19,14
35.0,6,19,15
139.0,6,19,16
148.0,6,19,17
137.0,6,19,18
112.0,6,19,19
134.0,6,19,20
123.0,6,19,21
124.0,6,19,22
100.0,6,19,23
207.0,6,20,0
70.0,6,20,1
343.0,6,20,2
286.0,6,20,3
308.0,6,20,4
319.0,6,20,5
14.0,6,20,6
332.0,6,20,7
316.0,6,20,8
102.0,6,20,9
107.0,6,20,10
117.0,6,20,11
113.0,6,20,12
64.0,6,20,13
26.0,6,20,14
112.0,6,20,15
68.0,6,20,16
107.0,6,20,17
25.0,6,20,18
164.0,6,20,19
178.0,6,20,20
209.0,6,20,21
329.0,6,20,22
322.0,6,20,23
94.0,6,21,0
338.0,6,21,1
305.0,6,21,2
284.0,6,21,3
289.0,6,21,4
306.0,6,21,5
284.0,6,21,6
277.0,6,21,7
149.0,6,21,8
242.0,6,21,9
340.0,6,21,10
37.0,6,21,11
185.0,6,21,12
60.0,6,21,13
129.0,6,21,14
97.0,6,21,15
94.0,6,21,16
21.0,6,21,17
73.0,6,21,18
217.0,6,21,19
251.0,6,21,20
210.0,6,21,21
75.0,6,21,22
24.0,6,21,23
294.0,6,22,0
297.0,6,22,1
283.0,6,22,2
314.0,6,22,3
160.0,6,22,4
75.0,6,22,5
107.0,6,22,6
7.0,6,22,7
86.0,6,22,8
87.0,6,22,9
157.0,6,22,10
102.0,6,22,11
64.0,6,22,12
78.0,6,22,13
115.0,6,22,14
275.0,6,22,15
317.0,6,22,16
329.0,6,22,17
109.0,6,22,18
22.0,6,22,19
25.0,6,22,20
20.0,6,22,21
353.0,6,22,22
79.0,6,22,23
11.0,6,23,0
328.0,6,23,1
286.0,6,23,2
217.0,6,23,3
252.0,6,23,4
209.0,6,23,5
242.0,6,23,6
314.0,6,23,7
311.0,6,23,8
275.0,6,23,9
313.0,6,23,10
317.0,6,23,11
331.0,6,23,12
296.0,6,23,13
97.0,6,23,14
326.0,6,23,15
121.0,6,23,16
59.0,6,23,17
359.0,6,23,18
3.0,6,23,19
71.0,6,23,20
33.0,6,23,21
46.0,6,23,22
75.0,6,23,23
7.0,6,24,0
359.0,6,24,1
330.0,6,24,2
323.0,6,24,3
323.0,6,24,4
355.0,6,24,5
323.0,6,24,6
309.0,6,24,7
314.0,6,24,8
336.0,6,24,9
311.0,6,24,10
289.0,6,24,11
330.0,6,24,12
319.0,6,24,13
326.0,6,24,14
349.0,6,24,15
333.0,6,24,16
115.0,6,24,17
23.0,6,24,18
350.0,6,24,19
346.0,6,24,20
350.0,6,24,21
358.0,6,24,22
8.0,6,24,23
7.0,6,25,0
136.0,6,25,1
191.0,6,25,2
12.0,6,25,3
353.0,6,25,4
292.0,6,25,5
305.0,6,25,6
315.0,6,25,7
304.0,6,25,8
307.0,6,25,9
338.0,6,25,10
108.0,6,25,11
346.0,6,25,12
316.0,6,25,13
326.0,6,25,14
194.0,6,25,15
12.0,6,25,16
335.0,6,25,17
121.0,6,25,18
35.0,6,25,19
19.0,6,25,20
121.0,6,25,21
348.0,6,25,22
289.0,6,25,23
309.0,6,26,0
63.0,6,26,1
310.0,6,26,2
318.0,6,26,3
345.0,6,26,4
293.0,6,26,5
309.0,6,26,6
309.0,6,26,7
320.0,6,26,8
349.0,6,26,9
152.0,6,26,10
317.0,6,26,11
327.0,6,26,12
53.0,6,26,13
289.0,6,26,14
294.0,6,26,15
346.0,6,26,16
48.0,6,26,17
59.0,6,26,18
33.0,6,26,19
5.0,6,26,20
352.0,6,26,21
33.0,6,26,22
63.0,6,26,23
231.0,6,27,0
347.0,6,27,1
336.0,6,27,2
358.0,6,27,3
119.0,6,27,4
277.0,6,27,5
297.0,6,27,6
313.0,6,27,7
105.0,6,27,8
146.0,6,27,9
279.0,6,27,10
123.0,6,27,11
145.0,6,27,12
15.0,6,27,13
343.0,6,27,14
208.0,6,27,15
160.0,6,27,16
237.0,6,27,17
110.0,6,27,18
78.0,6,27,19
50.0,6,27,20
62.0,6,27,21
39.0,6,27,22
72.0,6,27,23
351.0,6,28,0
240.0,6,28,1
250.0,6,28,2
341.0,6,28,3
351.0,6,28,4
327.0,6,28,5
319.0,6,28,6
321.0,6,28,7
317.0,6,28,8
314.0,6,28,9
325.0,6,28,10
286.0,6,28,11
107.0,6,28,12
35.0,6,28,13
323.0,6,28,14
99.0,6,28,15
78.0,6,28,16
115.0,6,28,17
318.0,6,28,18
86.0,6,28,19
216.0,6,28,20
178.0,6,28,21
83.0,6,28,22
130.0,6,28,23
93.0,6,29,0
124.0,6,29,1
200.0,6,29,2
301.0,6,29,3
208.0,6,29,4
160.0,6,29,5
91.0,6,29,6
143.0,6,29,7
158.0,6,29,8
96.0,6,29,9
182.0,6,29,10
281.0,6,29,11
128.0,6,29,12
123.0,6,29,13
43.0,6,29,14
22.0,6,29,15
100.0,6,29,16
55.0,6,29,17
348.0,6,29,18
78.0,6,29,19
97.0,6,29,20
200.0,6,29,21
270.0,6,29,22
6.0,6,29,23
321.0,6,30,0
296.0,6,30,1
284.0,6,30,2
307.0,6,30,3
265.0,6,30,4
79.0,6,30,5
106.0,6,30,6
106.0,6,30,7
227.0,6,30,8
308.0,6,30,9
204.0,6,30,10
114.0,6,30,11
117.0,6,30,12
123.0,6,30,13
120.0,6,30,14
158.0,6,30,15
124.0,6,30,16
134.0,6,30,17
106.0,6,30,18
125.0,6,30,19
4.0,6,30,20
314.0,6,30,21
131.0,6,30,22
284.0,6,30,23
