175.0,11,1,0
95.0,11,1,1
66.0,11,1,2
85.0,11,1,3
341.0,11,1,4
88.0,11,1,5
27.0,11,1,6
116.0,11,1,7
132.0,11,1,8
236.0,11,1,9
200.0,11,1,10
170.0,11,1,11
94.0,11,1,12
188.0,11,1,13
34.0,11,1,14
316.0,11,1,15
313.0,11,1,16
317.0,11,1,17
322.0,11,1,18
323.0,11,1,19
260.0,11,1,20
342.0,11,1,21
14.0,11,1,22
163.0,11,1,23
94.0,11,2,0
129.0,11,2,1
145.0,11,2,2
148.0,11,2,3
143.0,11,2,4
161.0,11,2,5
150.0,11,2,6
191.0,11,2,7
139.0,11,2,8
152.0,11,2,9
149.0,11,2,10
133.0,11,2,11
145.0,11,2,12
157.0,11,2,13
167.0,11,2,14
11.0,11,2,15
308.0,11,2,16
313.0,11,2,17
24.0,11,2,18
333.0,11,2,19
51.0,11,2,20
356.0,11,2,21
0.0,11,2,22
323.0,11,2,23
144.0,11,3,0
136.0,11,3,1
144.0,11,3,2
147.0,11,3,3
149.0,11,3,4
145.0,11,3,5
142.0,11,3,6
145.0,11,3,7
142.0,11,3,8
138.0,11,3,9
158.0,11,3,10
142.0,11,3,11
165.0,11,3,12
91.0,11,3,13
333.0,11,3,14
32.0,11,3,15
27.0,11,3,16
270.0,11,3,17
258.0,11,3,18
292.0,11,3,19
208.0,11,3,20
277.0,11,3,21
177.0,11,3,22
152.0,11,3,23
154.0,11,4,0
134.0,11,4,1
149.0,11,4,2
79.0,11,4,3
161.0,11,4,4
149.0,11,4,5
152.0,11,4,6
161.0,11,4,7
155.0,11,4,8
147.0,11,4,9
154.0,11,4,10
147.0,11,4,11
144.0,11,4,12
148.0,11,4,13
150.0,11,4,14
41.0,11,4,15
1.0,11,4,16
14.0,11,4,17
31.0,11,4,18
2.0,11,4,19
106.0,11,4,20
81.0,11,4,21
90.0,11,4,22
171.0,11,4,23
186.0,11,5,0
152.0,11,5,1
158.0,11,5,2
141.0,11,5,3
154.0,11,5,4
146.0,11,5,5
149.0,11,5,6
153.0,11,5,7
139.0,11,5,8
151.0,11,5,9
148.0,11,5,10
143.0,11,5,11
149.0,11,5,12
142.0,11,5,13
124.0,11,5,14
44.0,11,5,15
45.0,11,5,16
33.0,11,5,17
61.0,11,5,18
125.0,11,5,19
3.0,11,5,20
49.0,11,5,21
266.0,11,5,22
326.0,11,5,23
161.0,11,6,0
174.0,11,6,1
208.0,11,6,2
160.0,11,6,3
145.0,11,6,4
172.0,11,6,5
155.0,11,6,6
151.0,11,6,7
156.0,11,6,8
151.0,11,6,9
144.0,11,6,10
146.0,11,6,11
145.0,11,6,12
142.0,11,6,13
139.0,11,6,14
34.0,11,6,15
10.0,11,6,16
13.0,11,6,17
19.0,11,6,18
24.0,11,6,19
14.0,11,6,20
325.0,11,6,21
148.0,11,6,22
24.0,11,6,23
130.0,11,7,0
155.0,11,7,1
102.0,11,7,2
10.0,11,7,3
128.0,11,7,4
156.0,11,7,5
161.0,11,7,6
150.0,11,7,7
142.0,11,7,8
139.0,11,7,9
145.0,11,7,10
148.0,11,7,11
157.0,11,7,12
153.0,11,7,13
149.0,11,7,14
345.0,11,7,15
5.0,11,7,16
298.0,11,7,17
302.0,11,7,18
167.0,11,7,19
313.0,11,7,20
345.0,11,7,21
16.0,11,7,22
121.0,11,7,23
103.0,11,8,0
88.0,11,8,1
138.0,11,8,2
139.0,11,8,3
145.0,11,8,4
151.0,11,8,5
119.0,11,8,6
136.0,11,8,7
150.0,11,8,8
71.0,11,8,9
101.0,11,8,10
342.0,11,8,11
143.0,11,8,12
81.0,11,8,13
137.0,11,8,14
9.0,11,8,15
51.0,11,8,16
2.0,11,8,17
9.0,11,8,18
357.0,11,8,19
358.0,11,8,20
15.0,11,8,21
357.0,11,8,22
35.0,11,8,23
18.0,11,9,0
56.0,11,9,1
78.0,11,9,2
90.0,11,9,3
45.0,11,9,4
82.0,11,9,5
114.0,11,9,6
25.0,11,9,7
61.0,11,9,8
131.0,11,9,9
34.0,11,9,10
136.0,11,9,11
132.0,11,9,12
119.0,11,9,13
73.0,11,9,14
52.0,11,9,15
28.0,11,9,16
23.0,11,9,17
34.0,11,9,18
351.0,11,9,19
95.0,11,9,20
99.0,11,9,21
144.0,11,9,22
33.0,11,9,23
97.0,11,10,0
136.0,11,10,1
148.0,11,10,2
159.0,11,10,3
138.0,11,10,4
144.0,11,10,5
150.0,11,10,6
144.0,11,10,7
142.0,11,10,8
146.0,11,10,9
145.0,11,10,10
135.0,11,10,11
139.0,11,10,12
142.0,11,10,13
129.0,11,10,14
6.0,11,10,15
2.0,11,10,16
5.0,11,10,17
5.0,11,10,18
78.0,11,10,19
341.0,11,10,20
224.0,11,10,21
173.0,11,10,22
348.0,11,10,23
236.0,11,11,0
141.0,11,11,1
152.0,11,11,2
155.0,11,11,3
160.0,11,11,4
147.0,11,11,5
147.0,11,11,6
153.0,11,11,7
145.0,11,11,8
150.0,11,11,9
150.0,11,11,10
149.0,11,11,11
144.0,11,11,12
145.0,11,11,13
145.0,11,11,14
60.0,11,11,15
354.0,11,11,16
35.0,11,11,17
2.0,11,11,18
117.0,11,11,19
5.0,11,11,20
165.0,11,11,21
308.0,11,11,22
209.0,11,11,23
360.0,11,12,0
152.0,11,12,1
137.0,11,12,2
158.0,11,12,3
151.0,11,12,4
154.0,11,12,5
153.0,11,12,6
150.0,11,12,7
150.0,11,12,8
148.0,11,12,9
151.0,11,12,10
147.0,11,12,11
146.0,11,12,12
145.0,11,12,13
144.0,11,12,14
80.0,11,12,15
97.0,11,12,16
61.0,11,12,17
51.0,11,12,18
20.0,11,12,19
57.0,11,12,20
35.0,11,12,21
88.0,11,12,22
67.0,11,12,23
93.0,11,13,0
119.0,11,13,1
97.0,11,13,2
153.0,11,13,3
105.0,11,13,4
123.0,11,13,5
142.0,11,13,6
134.0,11,13,7
136.0,11,13,8
95.0,11,13,9
95.0,11,13,10
41.0,11,13,11
107.0,11,13,12
114.0,11,13,13
86.0,11,13,14
69.0,11,13,15
67.0,11,13,16
61.0,11,13,17
52.0,11,13,18
41.0,11,13,19
50.0,11,13,20
73.0,11,13,21
84.0,11,13,22
16.0,11,13,23
86.0,11,14,0
112.0,11,14,1
121.0,11,14,2
86.0,11,14,3
110.0,11,14,4
73.0,11,14,5
95.0,11,14,6
69.0,11,14,7
102.0,11,14,8
97.0,11,14,9
86.0,11,14,10
101.0,11,14,11
113.0,11,14,12
90.0,11,14,13
58.0,11,14,14
71.0,11,14,15
70.0,11,14,16
67.0,11,14,17
2.0,11,14,18
355.0,11,14,19
11.0,11,14,20
33.0,11,14,21
71.0,11,14,22
49.0,11,14,23
64.0,11,15,0
41.0,11,15,1
97.0,11,15,2
119.0,11,15,3
115.0,11,15,4
103.0,11,15,5
96.0,11,15,6
61.0,11,15,7
88.0,11,15,8
113.0,11,15,9
93.0,11,15,10
97.0,11,15,11
71.0,11,15,12
79.0,11,15,13
83.0,11,15,14
57.0,11,15,15
37.0,11,15,16
64.0,11,15,17
69.0,11,15,18
109.0,11,15,19
95.0,11,15,20
115.0,11,15,21
142.0,11,15,22
34.0,11,15,23
150.0,11,16,0
128.0,11,16,1
136.0,11,16,2
154.0,11,16,3
127.0,11,16,4
150.0,11,16,5
134.0,11,16,6
144.0,11,16,7
144.0,11,16,8
137.0,11,16,9
155.0,11,16,10
141.0,11,16,11
141.0,11,16,12
144.0,11,16,13
145.0,11,16,14
58.0,11,16,15
38.0,11,16,16
30.0,11,16,17
16.0,11,16,18
295.0,11,16,19
218.0,11,16,20
131.0,11,16,21
146.0,11,16,22
106.0,11,16,23
144.0,11,17,0
142.0,11,17,1
150.0,11,17,2
151.0,11,17,3
148.0,11,17,4
148.0,11,17,5
141.0,11,17,6
141.0,11,17,7
142.0,11,17,8
151.0,11,17,9
137.0,11,17,10
144.0,11,17,11
122.0,11,17,12
128.0,11,17,13
145.0,11,17,14
303.0,11,17,15
12.0,11,17,16
224.0,11,17,17
324.0,11,17,18
340.0,11,17,19
148.0,11,17,20
279.0,11,17,21
217.0,11,17,22
192.0,11,17,23
168.0,11,18,0
151.0,11,18,1
159.0,11,18,2
168.0,11,18,3
126.0,11,18,4
147.0,11,18,5
143.0,11,18,6
161.0,11,18,7
137.0,11,18,8
173.0,11,18,9
146.0,11,18,10
145.0,11,18,11
141.0,11,18,12
146.0,11,18,13
141.0,11,18,14
9.0,11,18,15
5.0,11,18,16
262.0,11,18,17
207.0,11,18,18
154.0,11,18,19
167.0,11,18,20
339.0,11,18,21
311.0,11,18,22
151.0,11,18,23
149.0,11,19,0
159.0,11,19,1
146.0,11,19,2
143.0,11,19,3
146.0,11,19,4
149.0,11,19,5
143.0,11,19,6
151.0,11,19,7
145.0,11,19,8
149.0,11,19,9
143.0,11,19,10
144.0,11,19,11
144.0,11,19,12
139.0,11,19,13
62.0,11,19,14
31.0,11,19,15
63.0,11,19,16
33.0,11,19,17
49.0,11,19,18
36.0,11,19,19
309.0,11,19,20
334.0,11,19,21
290.0,11,19,22
135.0,11,19,23
166.0,11,20,0
142.0,11,20,1
129.0,11,20,2
32.0,11,20,3
133.0,11,20,4
78.0,11,20,5
114.0,11,20,6
132.0,11,20,7
156.0,11,20,8
148.0,11,20,9
110.0,11,20,10
144.0,11,20,11
136.0,11,20,12
126.0,11,20,13
133.0,11,20,14
51.0,11,20,15
39.0,11,20,16
46.0,11,20,17
349.0,11,20,18
334.0,11,20,19
261.0,11,20,20
182.0,11,20,21
179.0,11,20,22
155.0,11,20,23
116.0,11,21,0
154.0,11,21,1
141.0,11,21,2
155.0,11,21,3
151.0,11,21,4
149.0,11,21,5
143.0,11,21,6
158.0,11,21,7
145.0,11,21,8
149.0,11,21,9
143.0,11,21,10
144.0,11,21,11
149.0,11,21,12
149.0,11,21,13
150.0,11,21,14
121.0,11,21,15
308.0,11,21,16
332.0,11,21,17
315.0,11,21,18
4.0,11,21,19
349.0,11,21,20
352.0,11,21,21
1.0,11,21,22
1.0,11,21,23
32.0,11,22,0
97.0,11,22,1
137.0,11,22,2
70.0,11,22,3
4.0,11,22,4
36.0,11,22,5
128.0,11,22,6
64.0,11,22,7
78.0,11,22,8
90.0,11,22,9
18.0,11,22,10
84.0,11,22,11
41.0,11,22,12
43.0,11,22,13
88.0,11,22,14
29.0,11,22,15
26.0,11,22,16
12.0,11,22,17
59.0,11,22,18
90.0,11,22,19
57.0,11,22,20
60.0,11,22,21
71.0,11,22,22
62.0,11,22,23
82.0,11,23,0
97.0,11,23,1
91.0,11,23,2
93.0,11,23,3
125.0,11,23,4
134.0,11,23,5
109.0,11,23,6
144.0,11,23,7
139.0,11,23,8
127.0,11,23,9
124.0,11,23,10
135.0,11,23,11
148.0,11,23,12
147.0,11,23,13
150.0,11,23,14
145.0,11,23,15
4.0,11,23,16
350.0,11,23,17
281.0,11,23,18
326.0,11,23,19
292.0,11,23,20
345.0,11,23,21
120.0,11,23,22
141.0,11,23,23
190.0,11,24,0
191.0,11,24,1
169.0,11,24,2
150.0,11,24,3
149.0,11,24,4
146.0,11,24,5
145.0,11,24,6
133.0,11,24,7
154.0,11,24,8
151.0,11,24,9
157.0,11,24,10
149.0,11,24,11
146.0,11,24,12
145.0,11,24,13
140.0,11,24,14
9.0,11,24,15
219.0,11,24,16
194.0,11,24,17
254.0,11,24,18
298.0,11,24,19
244.0,11,24,20
339.0,11,24,21
348.0,11,24,22
25.0,11,24,23
154.0,11,25,0
141.0,11,25,1
148.0,11,25,2
165.0,11,25,3
145.0,11,25,4
152.0,11,25,5
149.0,11,25,6
147.0,11,25,7
156.0,11,25,8
151.0,11,25,9
151.0,11,25,10
145.0,11,25,11
143.0,11,25,12
145.0,11,25,13
141.0,11,25,14
111.0,11,25,15
15.0,11,25,16
229.0,11,25,17
328.0,11,25,18
22.0,11,25,19
285.0,11,25,20
150.0,11,25,21
83.0,11,25,22
158.0,11,25,23
112.0,11,26,0
142.0,11,26,1
144.0,11,26,2
154.0,11,26,3
148.0,11,26,4
145.0,11,26,5
145.0,11,26,6
147.0,11,26,7
149.0,11,26,8
147.0,11,26,9
142.0,11,26,10
141.0,11,26,11
142.0,11,26,12
147.0,11,26,13
142.0,11,26,14
86.0,11,26,15
147.0,11,26,16
312.0,11,26,17
355.0,11,26,18
4.0,11,26,19
284.0,11,26,20
320.0,11,26,21
140.0,11,26,22
104.0,11,26,23
149.0,11,27,0
148.0,11,27,1
145.0,11,27,2
151.0,11,27,3
151.0,11,27,4
173.0,11,27,5
146.0,11,27,6
158.0,11,27,7
166.0,11,27,8
148.0,11,27,9
149.0,11,27,10
149.0,11,27,11
154.0,11,27,12
150.0,11,27,13
160.0,11,27,14
314.0,11,27,15
313.0,11,27,16
330.0,11,27,17
42.0,11,27,18
307.0,11,27,19
322.0,11,27,20
325.0,11,27,21
4.0,11,27,22
81.0,11,27,23
150.0,11,28,0
141.0,11,28,1
134.0,11,28,2
146.0,11,28,3
158.0,11,28,4
153.0,11,28,5
145.0,11,28,6
147.0,11,28,7
155.0,11,28,8
147.0,11,28,9
144.0,11,28,10
145.0,11,28,11
143.0,11,28,12
143.0,11,28,13
142.0,11,28,14
106.0,11,28,15
21.0,11,28,16
43.0,11,28,17
34.0,11,28,18
45.0,11,28,19
296.0,11,28,20
300.0,11,28,21
10.0,11,28,22
86.0,11,28,23
119.0,11,29,0
150.0,11,29,1
142.0,11,29,2
141.0,11,29,3
139.0,11,29,4
90.0,11,29,5
136.0,11,29,6
140.0,11,29,7
129.0,11,29,8
123.0,11,29,9
134.0,11,29,10
100.0,11,29,11
138.0,11,29,12
133.0,11,29,13
87.0,11,29,14
95.0,11,29,15
42.0,11,29,16
67.0,11,29,17
45.0,11,29,18
22.0,11,29,19
29.0,11,29,20
39.0,11,29,21
94.0,11,29,22
85.0,11,29,23
-99.0,11,30,0
151.0,11,30,1
-99.0,11,30,2
-99.0,11,30,3
-99.0,11,30,4
-99.0,11,30,5
-99.0,11,30,6
-99.0,11,30,7
-99.0,11,30,8
-99.0,11,30,9
-99.0,11,30,10
-99.0,11,30,11
-99.0,11,30,12
-99.0,11,30,13
-99.0,11,30,14
-99.0,11,30,15
-99.0,11,30,16
-99.0,11,30,17
-99.0,11,30,18
-99.0,11,30,19
-99.0,11,30,20
-99.0,11,30,21
-99.0,11,30,22
-99.0,11,30,23
