182.0,5,2880,0.0
157.0,5,2881,1.0
141.0,5,2882,2.0
137.0,5,2883,3.0
37.0,5,2884,4.0
142.0,5,2885,5.0
71.0,5,2886,6.0
349.0,5,2887,7.0
306.0,5,2888,8.0
340.0,5,2889,9.0
336.0,5,2890,10.0
357.0,5,2891,11.0
342.0,5,2892,12.0
358.0,5,2893,13.0
328.0,5,2894,14.0
339.0,5,2895,15.0
290.0,5,2896,16.0
323.0,5,2897,17.0
313.0,5,2898,18.0
126.0,5,2899,19.0
27.0,5,2900,20.0
20.0,5,2901,21.0
339.0,5,2902,22.0
309.0,5,2903,23.0
294.0,5,2904,0.0
307.0,5,2905,1.0
274.0,5,2906,2.0
340.0,5,2907,3.0
340.0,5,2908,4.0
42.0,5,2909,5.0
26.0,5,2910,6.0
157.0,5,2911,7.0
18.0,5,2912,8.0
326.0,5,2913,9.0
219.0,5,2914,10.0
271.0,5,2915,11.0
327.0,5,2916,12.0
296.0,5,2917,13.0
315.0,5,2918,14.0
185.0,5,2919,15.0
163.0,5,2920,16.0
135.0,5,2921,17.0
262.0,5,2922,18.0
99.0,5,2923,19.0
137.0,5,2924,20.0
149.0,5,2925,21.0
176.0,5,2926,22.0
59.0,5,2927,23.0
133.0,5,2928,0.0
112.0,5,2929,1.0
44.0,5,2930,2.0
7.0,5,2931,3.0
42.0,5,2932,4.0
7.0,5,2933,5.0
285.0,5,2934,6.0
216.0,5,2935,7.0
189.0,5,2936,8.0
192.0,5,2937,9.0
296.0,5,2938,10.0
331.0,5,2939,11.0
343.0,5,2940,12.0
262.0,5,2941,13.0
277.0,5,2942,14.0
342.0,5,2943,15.0
326.0,5,2944,16.0
163.0,5,2945,17.0
164.0,5,2946,18.0
158.0,5,2947,19.0
137.0,5,2948,20.0
190.0,5,2949,21.0
144.0,5,2950,22.0
158.0,5,2951,23.0
64.0,5,2952,0.0
138.0,5,2953,1.0
183.0,5,2954,2.0
79.0,5,2955,3.0
93.0,5,2956,4.0
357.0,5,2957,5.0
63.0,5,2958,6.0
160.0,5,2959,7.0
172.0,5,2960,8.0
168.0,5,2961,9.0
217.0,5,2962,10.0
185.0,5,2963,11.0
214.0,5,2964,12.0
279.0,5,2965,13.0
277.0,5,2966,14.0
220.0,5,2967,15.0
159.0,5,2968,16.0
157.0,5,2969,17.0
248.0,5,2970,18.0
136.0,5,2971,19.0
144.0,5,2972,20.0
139.0,5,2973,21.0
112.0,5,2974,22.0
247.0,5,2975,23.0
118.0,5,2976,0.0
203.0,5,2977,1.0
157.0,5,2978,2.0
16.0,5,2979,3.0
348.0,5,2980,4.0
174.0,5,2981,5.0
164.0,5,2982,6.0
349.0,5,2983,7.0
276.0,5,2984,8.0
340.0,5,2985,9.0
328.0,5,2986,10.0
330.0,5,2987,11.0
336.0,5,2988,12.0
322.0,5,2989,13.0
16.0,5,2990,14.0
292.0,5,2991,15.0
163.0,5,2992,16.0
191.0,5,2993,17.0
142.0,5,2994,18.0
182.0,5,2995,19.0
139.0,5,2996,20.0
106.0,5,2997,21.0
7.0,5,2998,22.0
200.0,5,2999,23.0
175.0,5,3000,0.0
152.0,5,3001,1.0
157.0,5,3002,2.0
342.0,5,3003,3.0
37.0,5,3004,4.0
111.0,5,3005,5.0
197.0,5,3006,6.0
227.0,5,3007,7.0
230.0,5,3008,8.0
225.0,5,3009,9.0
313.0,5,3010,10.0
312.0,5,3011,11.0
282.0,5,3012,12.0
277.0,5,3013,13.0
225.0,5,3014,14.0
189.0,5,3015,15.0
161.0,5,3016,16.0
217.0,5,3017,17.0
16.0,5,3018,18.0
45.0,5,3019,19.0
42.0,5,3020,20.0
342.0,5,3021,21.0
356.0,5,3022,22.0
216.0,5,3023,23.0
162.0,5,3024,0.0
126.0,5,3025,1.0
138.0,5,3026,2.0
133.0,5,3027,3.0
75.0,5,3028,4.0
65.0,5,3029,5.0
111.0,5,3030,6.0
119.0,5,3031,7.0
38.0,5,3032,8.0
241.0,5,3033,9.0
305.0,5,3034,10.0
330.0,5,3035,11.0
334.0,5,3036,12.0
352.0,5,3037,13.0
324.0,5,3038,14.0
345.0,5,3039,15.0
343.0,5,3040,16.0
5.0,5,3041,17.0
24.0,5,3042,18.0
49.0,5,3043,19.0
29.0,5,3044,20.0
11.0,5,3045,21.0
238.0,5,3046,22.0
160.0,5,3047,23.0
190.0,5,3048,0.0
31.0,5,3049,1.0
20.0,5,3050,2.0
122.0,5,3051,3.0
117.0,5,3052,4.0
123.0,5,3053,5.0
147.0,5,3054,6.0
112.0,5,3055,7.0
57.0,5,3056,8.0
222.0,5,3057,9.0
258.0,5,3058,10.0
287.0,5,3059,11.0
301.0,5,3060,12.0
324.0,5,3061,13.0
4.0,5,3062,14.0
69.0,5,3063,15.0
158.0,5,3064,16.0
144.0,5,3065,17.0
148.0,5,3066,18.0
165.0,5,3067,19.0
231.0,5,3068,20.0
254.0,5,3069,21.0
356.0,5,3070,22.0
90.0,5,3071,23.0
230.0,5,3072,0.0
231.0,5,3073,1.0
84.0,5,3074,2.0
76.0,5,3075,3.0
44.0,5,3076,4.0
110.0,5,3077,5.0
47.0,5,3078,6.0
103.0,5,3079,7.0
342.0,5,3080,8.0
259.0,5,3081,9.0
300.0,5,3082,10.0
299.0,5,3083,11.0
301.0,5,3084,12.0
308.0,5,3085,13.0
318.0,5,3086,14.0
312.0,5,3087,15.0
301.0,5,3088,16.0
167.0,5,3089,17.0
148.0,5,3090,18.0
141.0,5,3091,19.0
127.0,5,3092,20.0
88.0,5,3093,21.0
73.0,5,3094,22.0
82.0,5,3095,23.0
147.0,5,3096,0.0
154.0,5,3097,1.0
205.0,5,3098,2.0
168.0,5,3099,3.0
132.0,5,3100,4.0
51.0,5,3101,5.0
75.0,5,3102,6.0
356.0,5,3103,7.0
321.0,5,3104,8.0
286.0,5,3105,9.0
329.0,5,3106,10.0
313.0,5,3107,11.0
295.0,5,3108,12.0
250.0,5,3109,13.0
261.0,5,3110,14.0
137.0,5,3111,15.0
154.0,5,3112,16.0
151.0,5,3113,17.0
151.0,5,3114,18.0
182.0,5,3115,19.0
122.0,5,3116,20.0
42.0,5,3117,21.0
307.0,5,3118,22.0
258.0,5,3119,23.0
147.0,5,3120,0.0
147.0,5,3121,1.0
42.0,5,3122,2.0
40.0,5,3123,3.0
172.0,5,3124,4.0
159.0,5,3125,5.0
41.0,5,3126,6.0
64.0,5,3127,7.0
28.0,5,3128,8.0
18.0,5,3129,9.0
354.0,5,3130,10.0
339.0,5,3131,11.0
312.0,5,3132,12.0
337.0,5,3133,13.0
288.0,5,3134,14.0
272.0,5,3135,15.0
270.0,5,3136,16.0
65.0,5,3137,17.0
62.0,5,3138,18.0
59.0,5,3139,19.0
205.0,5,3140,20.0
197.0,5,3141,21.0
151.0,5,3142,22.0
99.0,5,3143,23.0
99.0,5,3144,0.0
141.0,5,3145,1.0
149.0,5,3146,2.0
142.0,5,3147,3.0
150.0,5,3148,4.0
124.0,5,3149,5.0
9.0,5,3150,6.0
338.0,5,3151,7.0
307.0,5,3152,8.0
316.0,5,3153,9.0
305.0,5,3154,10.0
321.0,5,3155,11.0
354.0,5,3156,12.0
46.0,5,3157,13.0
46.0,5,3158,14.0
221.0,5,3159,15.0
225.0,5,3160,16.0
277.0,5,3161,17.0
296.0,5,3162,18.0
57.0,5,3163,19.0
9.0,5,3164,20.0
285.0,5,3165,21.0
278.0,5,3166,22.0
209.0,5,3167,23.0
214.0,5,3168,0.0
134.0,5,3169,1.0
170.0,5,3170,2.0
55.0,5,3171,3.0
359.0,5,3172,4.0
14.0,5,3173,5.0
42.0,5,3174,6.0
145.0,5,3175,7.0
219.0,5,3176,8.0
304.0,5,3177,9.0
336.0,5,3178,10.0
337.0,5,3179,11.0
326.0,5,3180,12.0
337.0,5,3181,13.0
321.0,5,3182,14.0
311.0,5,3183,15.0
289.0,5,3184,16.0
78.0,5,3185,17.0
180.0,5,3186,18.0
182.0,5,3187,19.0
227.0,5,3188,20.0
81.0,5,3189,21.0
135.0,5,3190,22.0
144.0,5,3191,23.0
143.0,5,3192,0.0
154.0,5,3193,1.0
97.0,5,3194,2.0
47.0,5,3195,3.0
3.0,5,3196,4.0
246.0,5,3197,5.0
161.0,5,3198,6.0
293.0,5,3199,7.0
209.0,5,3200,8.0
251.0,5,3201,9.0
336.0,5,3202,10.0
346.0,5,3203,11.0
337.0,5,3204,12.0
327.0,5,3205,13.0
327.0,5,3206,14.0
314.0,5,3207,15.0
291.0,5,3208,16.0
357.0,5,3209,17.0
39.0,5,3210,18.0
12.0,5,3211,19.0
301.0,5,3212,20.0
267.0,5,3213,21.0
29.0,5,3214,22.0
166.0,5,3215,23.0
208.0,5,3216,0.0
125.0,5,3217,1.0
120.0,5,3218,2.0
301.0,5,3219,3.0
87.0,5,3220,4.0
168.0,5,3221,5.0
353.0,5,3222,6.0
357.0,5,3223,7.0
185.0,5,3224,8.0
189.0,5,3225,9.0
205.0,5,3226,10.0
328.0,5,3227,11.0
332.0,5,3228,12.0
318.0,5,3229,13.0
304.0,5,3230,14.0
307.0,5,3231,15.0
303.0,5,3232,16.0
203.0,5,3233,17.0
9.0,5,3234,18.0
45.0,5,3235,19.0
261.0,5,3236,20.0
312.0,5,3237,21.0
73.0,5,3238,22.0
23.0,5,3239,23.0
56.0,5,3240,0.0
259.0,5,3241,1.0
123.0,5,3242,2.0
15.0,5,3243,3.0
40.0,5,3244,4.0
45.0,5,3245,5.0
58.0,5,3246,6.0
27.0,5,3247,7.0
32.0,5,3248,8.0
228.0,5,3249,9.0
227.0,5,3250,10.0
349.0,5,3251,11.0
342.0,5,3252,12.0
330.0,5,3253,13.0
344.0,5,3254,14.0
193.0,5,3255,15.0
209.0,5,3256,16.0
130.0,5,3257,17.0
26.0,5,3258,18.0
348.0,5,3259,19.0
327.0,5,3260,20.0
333.0,5,3261,21.0
52.0,5,3262,22.0
308.0,5,3263,23.0
249.0,5,3264,0.0
116.0,5,3265,1.0
69.0,5,3266,2.0
65.0,5,3267,3.0
68.0,5,3268,4.0
230.0,5,3269,5.0
84.0,5,3270,6.0
142.0,5,3271,7.0
-99.0,5,3272,8.0
-99.0,5,3273,9.0
-99.0,5,3274,10.0
-99.0,5,3275,11.0
-99.0,5,3276,12.0
-99.0,5,3277,13.0
-99.0,5,3278,14.0
-99.0,5,3279,15.0
74.0,5,3280,16.0
54.0,5,3281,17.0
355.0,5,3282,18.0
353.0,5,3283,19.0
150.0,5,3284,20.0
149.0,5,3285,21.0
142.0,5,3286,22.0
136.0,5,3287,23.0
121.0,5,3288,0.0
48.0,5,3289,1.0
64.0,5,3290,2.0
100.0,5,3291,3.0
74.0,5,3292,4.0
109.0,5,3293,5.0
17.0,5,3294,6.0
150.0,5,3295,7.0
277.0,5,3296,8.0
345.0,5,3297,9.0
356.0,5,3298,10.0
332.0,5,3299,11.0
322.0,5,3300,12.0
337.0,5,3301,13.0
359.0,5,3302,14.0
32.0,5,3303,15.0
348.0,5,3304,16.0
354.0,5,3305,17.0
16.0,5,3306,18.0
32.0,5,3307,19.0
39.0,5,3308,20.0
311.0,5,3309,21.0
317.0,5,3310,22.0
221.0,5,3311,23.0
157.0,5,3312,0.0
267.0,5,3313,1.0
77.0,5,3314,2.0
273.0,5,3315,3.0
74.0,5,3316,4.0
99.0,5,3317,5.0
53.0,5,3318,6.0
163.0,5,3319,7.0
328.0,5,3320,8.0
330.0,5,3321,9.0
284.0,5,3322,10.0
10.0,5,3323,11.0
330.0,5,3324,12.0
320.0,5,3325,13.0
332.0,5,3326,14.0
159.0,5,3327,15.0
157.0,5,3328,16.0
122.0,5,3329,17.0
113.0,5,3330,18.0
122.0,5,3331,19.0
339.0,5,3332,20.0
79.0,5,3333,21.0
100.0,5,3334,22.0
51.0,5,3335,23.0
57.0,5,3336,0.0
49.0,5,3337,1.0
97.0,5,3338,2.0
325.0,5,3339,3.0
26.0,5,3340,4.0
181.0,5,3341,5.0
70.0,5,3342,6.0
17.0,5,3343,7.0
343.0,5,3344,8.0
233.0,5,3345,9.0
333.0,5,3346,10.0
274.0,5,3347,11.0
354.0,5,3348,12.0
347.0,5,3349,13.0
355.0,5,3350,14.0
45.0,5,3351,15.0
120.0,5,3352,16.0
282.0,5,3353,17.0
268.0,5,3354,18.0
170.0,5,3355,19.0
66.0,5,3356,20.0
67.0,5,3357,21.0
126.0,5,3358,22.0
142.0,5,3359,23.0
98.0,5,3360,0.0
61.0,5,3361,1.0
26.0,5,3362,2.0
119.0,5,3363,3.0
360.0,5,3364,4.0
79.0,5,3365,5.0
102.0,5,3366,6.0
94.0,5,3367,7.0
316.0,5,3368,8.0
360.0,5,3369,9.0
172.0,5,3370,10.0
321.0,5,3371,11.0
308.0,5,3372,12.0
327.0,5,3373,13.0
323.0,5,3374,14.0
355.0,5,3375,15.0
11.0,5,3376,16.0
7.0,5,3377,17.0
12.0,5,3378,18.0
357.0,5,3379,19.0
338.0,5,3380,20.0
25.0,5,3381,21.0
6.0,5,3382,22.0
4.0,5,3383,23.0
182.0,5,3384,0.0
204.0,5,3385,1.0
225.0,5,3386,2.0
151.0,5,3387,3.0
111.0,5,3388,4.0
57.0,5,3389,5.0
275.0,5,3390,6.0
358.0,5,3391,7.0
33.0,5,3392,8.0
17.0,5,3393,9.0
343.0,5,3394,10.0
266.0,5,3395,11.0
151.0,5,3396,12.0
166.0,5,3397,13.0
97.0,5,3398,14.0
358.0,5,3399,15.0
275.0,5,3400,16.0
106.0,5,3401,17.0
145.0,5,3402,18.0
207.0,5,3403,19.0
135.0,5,3404,20.0
105.0,5,3405,21.0
147.0,5,3406,22.0
54.0,5,3407,23.0
99.0,5,3408,0.0
320.0,5,3409,1.0
43.0,5,3410,2.0
81.0,5,3411,3.0
146.0,5,3412,4.0
112.0,5,3413,5.0
130.0,5,3414,6.0
149.0,5,3415,7.0
213.0,5,3416,8.0
151.0,5,3417,9.0
249.0,5,3418,10.0
10.0,5,3419,11.0
341.0,5,3420,12.0
315.0,5,3421,13.0
143.0,5,3422,14.0
145.0,5,3423,15.0
132.0,5,3424,16.0
60.0,5,3425,17.0
159.0,5,3426,18.0
169.0,5,3427,19.0
144.0,5,3428,20.0
150.0,5,3429,21.0
163.0,5,3430,22.0
160.0,5,3431,23.0
155.0,5,3432,0.0
174.0,5,3433,1.0
167.0,5,3434,2.0
162.0,5,3435,3.0
153.0,5,3436,4.0
171.0,5,3437,5.0
53.0,5,3438,6.0
113.0,5,3439,7.0
211.0,5,3440,8.0
139.0,5,3441,9.0
317.0,5,3442,10.0
338.0,5,3443,11.0
335.0,5,3444,12.0
315.0,5,3445,13.0
306.0,5,3446,14.0
139.0,5,3447,15.0
73.0,5,3448,16.0
16.0,5,3449,17.0
27.0,5,3450,18.0
22.0,5,3451,19.0
325.0,5,3452,20.0
7.0,5,3453,21.0
77.0,5,3454,22.0
55.0,5,3455,23.0
168.0,5,3456,0.0
34.0,5,3457,1.0
42.0,5,3458,2.0
15.0,5,3459,3.0
80.0,5,3460,4.0
195.0,5,3461,5.0
61.0,5,3462,6.0
35.0,5,3463,7.0
128.0,5,3464,8.0
360.0,5,3465,9.0
299.0,5,3466,10.0
342.0,5,3467,11.0
323.0,5,3468,12.0
328.0,5,3469,13.0
338.0,5,3470,14.0
339.0,5,3471,15.0
12.0,5,3472,16.0
141.0,5,3473,17.0
281.0,5,3474,18.0
46.0,5,3475,19.0
24.0,5,3476,20.0
93.0,5,3477,21.0
195.0,5,3478,22.0
62.0,5,3479,23.0
48.0,5,3480,0.0
61.0,5,3481,1.0
47.0,5,3482,2.0
194.0,5,3483,3.0
337.0,5,3484,4.0
16.0,5,3485,5.0
124.0,5,3486,6.0
111.0,5,3487,7.0
134.0,5,3488,8.0
268.0,5,3489,9.0
306.0,5,3490,10.0
318.0,5,3491,11.0
333.0,5,3492,12.0
3.0,5,3493,13.0
14.0,5,3494,14.0
8.0,5,3495,15.0
351.0,5,3496,16.0
14.0,5,3497,17.0
17.0,5,3498,18.0
48.0,5,3499,19.0
67.0,5,3500,20.0
301.0,5,3501,21.0
268.0,5,3502,22.0
202.0,5,3503,23.0
212.0,5,3504,0.0
217.0,5,3505,1.0
75.0,5,3506,2.0
81.0,5,3507,3.0
24.0,5,3508,4.0
65.0,5,3509,5.0
49.0,5,3510,6.0
59.0,5,3511,7.0
5.0,5,3512,8.0
283.0,5,3513,9.0
226.0,5,3514,10.0
283.0,5,3515,11.0
284.0,5,3516,12.0
15.0,5,3517,13.0
144.0,5,3518,14.0
-99.0,5,3519,15.0
-99.0,5,3520,16.0
-99.0,5,3521,17.0
-99.0,5,3522,18.0
-99.0,5,3523,19.0
-99.0,5,3524,20.0
-99.0,5,3525,21.0
-99.0,5,3526,22.0
-99.0,5,3527,23.0
-99.0,5,3528,0.0
-99.0,5,3529,1.0
-99.0,5,3530,2.0
-99.0,5,3531,3.0
-99.0,5,3532,4.0
-99.0,5,3533,5.0
-99.0,5,3534,6.0
-99.0,5,3535,7.0
-99.0,5,3536,8.0
-99.0,5,3537,9.0
-99.0,5,3538,10.0
-99.0,5,3539,11.0
-99.0,5,3540,12.0
-99.0,5,3541,13.0
-99.0,5,3542,14.0
-99.0,5,3543,15.0
-99.0,5,3544,16.0
-99.0,5,3545,17.0
-99.0,5,3546,18.0
-99.0,5,3547,19.0
-99.0,5,3548,20.0
-99.0,5,3549,21.0
-99.0,5,3550,22.0
-99.0,5,3551,23.0
41.0,5,3552,0.0
233.0,5,3553,1.0
111.0,5,3554,2.0
120.0,5,3555,3.0
97.0,5,3556,4.0
31.0,5,3557,5.0
72.0,5,3558,6.0
144.0,5,3559,7.0
46.0,5,3560,8.0
37.0,5,3561,9.0
70.0,5,3562,10.0
214.0,5,3563,11.0
218.0,5,3564,12.0
151.0,5,3565,13.0
131.0,5,3566,14.0
94.0,5,3567,15.0
47.0,5,3568,16.0
63.0,5,3569,17.0
167.0,5,3570,18.0
193.0,5,3571,19.0
162.0,5,3572,20.0
178.0,5,3573,21.0
214.0,5,3574,22.0
187.0,5,3575,23.0
192.0,5,3576,0.0
213.0,5,3577,1.0
333.0,5,3578,2.0
65.0,5,3579,3.0
80.0,5,3580,4.0
204.0,5,3581,5.0
356.0,5,3582,6.0
28.0,5,3583,7.0
23.0,5,3584,8.0
254.0,5,3585,9.0
338.0,5,3586,10.0
161.0,5,3587,11.0
330.0,5,3588,12.0
105.0,5,3589,13.0
119.0,5,3590,14.0
152.0,5,3591,15.0
328.0,5,3592,16.0
344.0,5,3593,17.0
336.0,5,3594,18.0
316.0,5,3595,19.0
288.0,5,3596,20.0
262.0,5,3597,21.0
159.0,5,3598,22.0
165.0,5,3599,23.0
121.0,5,3600,0.0
84.0,5,3601,1.0
30.0,5,3602,2.0
-99.0,5,3603,3.0
-99.0,5,3604,4.0
-99.0,5,3605,5.0
275.0,5,3606,6.0
286.0,5,3607,7.0
268.0,5,3608,8.0
291.0,5,3609,9.0
286.0,5,3610,10.0
300.0,5,3611,11.0
306.0,5,3612,12.0
356.0,5,3613,13.0
63.0,5,3614,14.0
50.0,5,3615,15.0
38.0,5,3616,16.0
49.0,5,3617,17.0
193.0,5,3618,18.0
345.0,5,3619,19.0
339.0,5,3620,20.0
16.0,5,3621,21.0
320.0,5,3622,22.0
245.0,5,3623,23.0
