4.4,5,1,0
9.1,5,1,1
1.6,5,1,2
6.7,5,1,3
22.6,5,1,4
25.9,5,1,5
21.0,5,1,6
20.4,5,1,7
11.3,5,1,8
10.5,5,1,9
11.3,5,1,10
10.6,5,1,11
1.9,5,1,12
0.0,5,1,13
1.6,5,1,14
3.4,5,1,15
7.9,5,1,16
6.1,5,1,17
5.5,5,1,18
7.4,5,1,19
5.6,5,1,20
8.3,5,1,21
7.9,5,1,22
8.4,5,1,23
5.9,5,2,0
6.6,5,2,1
2.3,5,2,2
3.5,5,2,3
20.4,5,2,4
12.3,5,2,5
12.1,5,2,6
13.4,5,2,7
15.7,5,2,8
9.3,5,2,9
3.9,5,2,10
11.7,5,2,11
12.8,5,2,12
15.6,5,2,13
14.6,5,2,14
14.0,5,2,15
11.0,5,2,16
9.5,5,2,17
10.2,5,2,18
7.3,5,2,19
9.1,5,2,20
8.1,5,2,21
6.9,5,2,22
8.1,5,2,23
13.5,5,3,0
7.8,5,3,1
15.5,5,3,2
19.2,5,3,3
14.6,5,3,4
11.7,5,3,5
8.8,5,3,6
3.2,5,3,7
3.0,5,3,8
3.6,5,3,9
4.1,5,3,10
1.9,5,3,11
3.5,5,3,12
5.9,5,3,13
0.0,5,3,14
0.0,5,3,15
6.3,5,3,16
8.8,5,3,17
12.3,5,3,18
11.7,5,3,19
12.8,5,3,20
8.8,5,3,21
10.4,5,3,22
10.3,5,3,23
6.1,5,4,0
4.9,5,4,1
4.5,5,4,2
7.1,5,4,3
19.9,5,4,4
15.2,5,4,5
5.8,5,4,6
7.0,5,4,7
5.0,5,4,8
5.3,5,4,9
13.5,5,4,10
15.1,5,4,11
7.6,5,4,12
3.8,5,4,13
3.4,5,4,14
4.6,5,4,15
7.2,5,4,16
11.0,5,4,17
10.7,5,4,18
9.0,5,4,19
10.5,5,4,20
13.8,5,4,21
11.3,5,4,22
13.1,5,4,23
8.2,5,5,0
5.5,5,5,1
15.3,5,5,2
22.5,5,5,3
17.3,5,5,4
17.8,5,5,5
13.9,5,5,6
0.0,5,5,7
4.7,5,5,8
10.1,5,5,9
6.6,5,5,10
2.4,5,5,11
8.1,5,5,12
8.2,5,5,13
4.0,5,5,14
5.7,5,5,15
8.0,5,5,16
11.7,5,5,17
8.0,5,5,18
9.3,5,5,19
9.9,5,5,20
12.6,5,5,21
11.7,5,5,22
8.8,5,5,23
9.4,5,6,0
3.3,5,6,1
30.1,5,6,2
44.0,5,6,3
18.5,5,6,4
3.2,5,6,5
5.7,5,6,6
5.6,5,6,7
7.1,5,6,8
1.6,5,6,9
6.3,5,6,10
2.5,5,6,11
4.0,5,6,12
0.0,5,6,13
2.4,5,6,14
8.5,5,6,15
7.5,5,6,16
6.5,5,6,17
7.8,5,6,18
7.5,5,6,19
10.9,5,6,20
11.6,5,6,21
9.8,5,6,22
0.0,5,6,23
6.5,5,7,0
26.5,5,7,1
47.1,5,7,2
49.4,5,7,3
42.4,5,7,4
40.2,5,7,5
14.1,5,7,6
12.9,5,7,7
3.8,5,7,8
7.2,5,7,9
3.3,5,7,10
9.3,5,7,11
1.8,5,7,12
1.6,5,7,13
2.1,5,7,14
0.0,5,7,15
5.8,5,7,16
8.4,5,7,17
5.9,5,7,18
11.9,5,7,19
6.3,5,7,20
7.3,5,7,21
8.9,5,7,22
5.5,5,7,23
10.1,5,8,0
22.9,5,8,1
31.5,5,8,2
12.2,5,8,3
12.7,5,8,4
5.6,5,8,5
10.6,5,8,6
3.5,5,8,7
10.9,5,8,8
11.2,5,8,9
3.1,5,8,10
6.3,5,8,11
7.1,5,8,12
3.3,5,8,13
4.7,5,8,14
4.0,5,8,15
9.3,5,8,16
9.4,5,8,17
8.2,5,8,18
11.2,5,8,19
5.7,5,8,20
13.6,5,8,21
7.1,5,8,22
9.7,5,8,23
7.7,5,9,0
1.8,5,9,1
22.7,5,9,2
25.5,5,9,3
11.9,5,9,4
9.7,5,9,5
9.3,5,9,6
11.6,5,9,7
5.7,5,9,8
6.0,5,9,9
6.0,5,9,10
1.9,5,9,11
5.0,5,9,12
5.7,5,9,13
10.2,5,9,14
10.8,5,9,15
7.8,5,9,16
6.5,5,9,17
8.6,5,9,18
12.0,5,9,19
10.9,5,9,20
11.4,5,9,21
10.9,5,9,22
14.2,5,9,23
7.5,5,10,0
3.2,5,10,1
3.8,5,10,2
6.5,5,10,3
7.6,5,10,4
6.4,5,10,5
2.4,5,10,6
8.1,5,10,7
7.5,5,10,8
8.8,5,10,9
5.3,5,10,10
5.9,5,10,11
4.9,5,10,12
0.0,5,10,13
4.0,5,10,14
4.0,5,10,15
5.6,5,10,16
9.7,5,10,17
8.5,5,10,18
7.4,5,10,19
12.5,5,10,20
10.2,5,10,21
8.2,5,10,22
9.7,5,10,23
9.4,5,11,0
5.1,5,11,1
1.7,5,11,2
10.3,5,11,3
7.7,5,11,4
20.6,5,11,5
13.5,5,11,6
6.6,5,11,7
2.1,5,11,8
10.2,5,11,9
9.0,5,11,10
7.4,5,11,11
7.9,5,11,12
4.1,5,11,13
4.8,5,11,14
2.8,5,11,15
9.5,5,11,16
6.2,5,11,17
8.4,5,11,18
5.8,5,11,19
11.3,5,11,20
8.0,5,11,21
8.5,5,11,22
12.1,5,11,23
3.4,5,12,0
7.0,5,12,1
25.7,5,12,2
8.5,5,12,3
5.7,5,12,4
13.0,5,12,5
9.9,5,12,6
10.9,5,12,7
5.9,5,12,8
9.1,5,12,9
7.6,5,12,10
3.4,5,12,11
10.7,5,12,12
6.3,5,12,13
5.0,5,12,14
6.1,5,12,15
3.9,5,12,16
6.9,5,12,17
8.8,5,12,18
8.4,5,12,19
9.1,5,12,20
11.5,5,12,21
21.8,5,12,22
15.7,5,12,23
8.9,5,13,0
11.1,5,13,1
9.5,5,13,2
16.2,5,13,3
16.8,5,13,4
11.9,5,13,5
2.5,5,13,6
4.1,5,13,7
6.6,5,13,8
2.3,5,13,9
1.7,5,13,10
2.3,5,13,11
3.5,5,13,12
3.1,5,13,13
3.3,5,13,14
5.8,5,13,15
5.7,5,13,16
6.8,5,13,17
6.1,5,13,18
5.4,5,13,19
9.1,5,13,20
11.2,5,13,21
9.7,5,13,22
11.4,5,13,23
2.3,5,14,0
5.3,5,14,1
2.6,5,14,2
13.6,5,14,3
30.2,5,14,4
25.9,5,14,5
10.9,5,14,6
6.7,5,14,7
3.2,5,14,8
9.0,5,14,9
5.6,5,14,10
3.1,5,14,11
3.5,5,14,12
2.3,5,14,13
1.6,5,14,14
7.0,5,14,15
6.8,5,14,16
10.0,5,14,17
10.8,5,14,18
6.5,5,14,19
11.4,5,14,20
17.5,5,14,21
9.8,5,14,22
2.9,5,14,23
19.1,5,15,0
17.1,5,15,1
22.0,5,15,2
15.1,5,15,3
5.2,5,15,4
10.1,5,15,5
15.0,5,15,6
4.4,5,15,7
7.2,5,15,8
5.4,5,15,9
5.5,5,15,10
5.1,5,15,11
4.0,5,15,12
2.9,5,15,13
2.7,5,15,14
4.6,5,15,15
10.1,5,15,16
5.2,5,15,17
9.2,5,15,18
10.2,5,15,19
7.6,5,15,20
8.0,5,15,21
4.6,5,15,22
13.2,5,15,23
10.8,5,16,0
7.0,5,16,1
2.7,5,16,2
30.2,5,16,3
34.6,5,16,4
8.8,5,16,5
2.6,5,16,6
16.1,5,16,7
9.9,5,16,8
5.5,5,16,9
1.6,5,16,10
5.6,5,16,11
1.6,5,16,12
0.0,5,16,13
0.0,5,16,14
7.1,5,16,15
7.7,5,16,16
7.3,5,16,17
13.1,5,16,18
12.3,5,16,19
11.9,5,16,20
13.3,5,16,21
10.8,5,16,22
8.0,5,16,23
10.3,5,17,0
27.2,5,17,1
12.3,5,17,2
7.9,5,17,3
12.6,5,17,4
8.8,5,17,5
6.1,5,17,6
7.7,5,17,7
6.1,5,17,8
3.6,5,17,9
4.5,5,17,10
5.9,5,17,11
3.9,5,17,12
3.2,5,17,13
1.6,5,17,14
2.5,5,17,15
6.3,5,17,16
10.4,5,17,17
9.7,5,17,18
9.6,5,17,19
6.3,5,17,20
10.2,5,17,21
14.2,5,17,22
9.3,5,17,23
41.2,5,18,0
10.4,5,18,1
17.6,5,18,2
24.6,5,18,3
11.1,5,18,4
9.1,5,18,5
1.6,5,18,6
3.2,5,18,7
5.6,5,18,8
1.9,5,18,9
3.5,5,18,10
4.9,5,18,11
8.2,5,18,12
0.0,5,18,13
1.7,5,18,14
0.0,5,18,15
4.3,5,18,16
8.2,5,18,17
6.5,5,18,18
6.5,5,18,19
10.5,5,18,20
7.6,5,18,21
8.4,5,18,22
9.7,5,18,23
8.0,5,19,0
9.2,5,19,1
3.4,5,19,2
13.5,5,19,3
9.9,5,19,4
13.6,5,19,5
10.9,5,19,6
14.8,5,19,7
8.9,5,19,8
10.8,5,19,9
7.8,5,19,10
2.7,5,19,11
8.0,5,19,12
3.7,5,19,13
6.4,5,19,14
7.7,5,19,15
7.3,5,19,16
9.9,5,19,17
4.9,5,19,18
13.3,5,19,19
9.5,5,19,20
10.5,5,19,21
9.7,5,19,22
9.6,5,19,23
9.8,5,20,0
7.1,5,20,1
6.9,5,20,2
7.1,5,20,3
4.7,5,20,4
4.3,5,20,5
4.5,5,20,6
8.4,5,20,7
6.2,5,20,8
3.8,5,20,9
9.2,5,20,10
0.0,5,20,11
0.0,5,20,12
3.7,5,20,13
1.9,5,20,14
3.9,5,20,15
9.0,5,20,16
12.4,5,20,17
11.0,5,20,18
10.5,5,20,19
11.4,5,20,20
8.9,5,20,21
6.5,5,20,22
14.8,5,20,23
-99.0,5,21,0
-99.0,5,21,1
15.3,5,21,2
7.0,5,21,3
-99.0,5,21,4
4.0,5,21,5
4.3,5,21,6
7.5,5,21,7
3.9,5,21,8
3.3,5,21,9
6.0,5,21,10
9.4,5,21,11
7.5,5,21,12
3.8,5,21,13
4.4,5,21,14
3.0,5,21,15
8.1,5,21,16
8.0,5,21,17
11.1,5,21,18
10.0,5,21,19
5.3,5,21,20
10.2,5,21,21
10.4,5,21,22
11.7,5,21,23
9.2,5,22,0
37.7,5,22,1
18.6,5,22,2
5.5,5,22,3
13.5,5,22,4
37.6,5,22,5
12.9,5,22,6
16.8,5,22,7
9.7,5,22,8
11.7,5,22,9
6.1,5,22,10
4.4,5,22,11
6.6,5,22,12
4.9,5,22,13
3.8,5,22,14
2.7,5,22,15
4.4,5,22,16
8.6,5,22,17
10.8,5,22,18
9.0,5,22,19
8.4,5,22,20
11.6,5,22,21
14.1,5,22,22
9.3,5,22,23
4.2,5,23,0
29.8,5,23,1
26.2,5,23,2
5.6,5,23,3
15.3,5,23,4
-99.0,5,23,5
8.2,5,23,6
4.1,5,23,7
2.3,5,23,8
6.7,5,23,9
0.0,5,23,10
4.7,5,23,11
7.3,5,23,12
1.6,5,23,13
4.4,5,23,14
12.0,5,23,15
10.1,5,23,16
8.1,5,23,17
8.6,5,23,18
6.6,5,23,19
8.1,5,23,20
13.0,5,23,21
9.9,5,23,22
11.3,5,23,23
8.7,5,24,0
2.5,5,24,1
9.1,5,24,2
12.4,5,24,3
4.5,5,24,4
10.9,5,24,5
3.3,5,24,6
9.1,5,24,7
6.8,5,24,8
6.2,5,24,9
5.0,5,24,10
6.2,5,24,11
2.6,5,24,12
0.0,5,24,13
2.6,5,24,14
4.8,5,24,15
5.8,5,24,16
11.4,5,24,17
11.9,5,24,18
15.3,5,24,19
13.8,5,24,20
-99.0,5,24,21
13.5,5,24,22
-99.0,5,24,23
36.4,5,25,0
15.2,5,25,1
8.7,5,25,2
0.0,5,25,3
6.2,5,25,4
3.5,5,25,5
4.6,5,25,6
7.2,5,25,7
7.9,5,25,8
1.7,5,25,9
4.8,5,25,10
4.0,5,25,11
1.7,5,25,12
6.5,5,25,13
6.6,5,25,14
9.1,5,25,15
11.9,5,25,16
10.4,5,25,17
8.1,5,25,18
10.5,5,25,19
11.7,5,25,20
7.4,5,25,21
7.7,5,25,22
9.5,5,25,23
20.7,5,26,0
-99.0,5,26,1
19.5,5,26,2
17.6,5,26,3
7.9,5,26,4
11.5,5,26,5
4.7,5,26,6
7.7,5,26,7
3.2,5,26,8
2.9,5,26,9
8.1,5,26,10
4.3,5,26,11
8.3,5,26,12
4.8,5,26,13
3.7,5,26,14
1.7,5,26,15
6.8,5,26,16
8.7,5,26,17
10.1,5,26,18
13.5,5,26,19
11.6,5,26,20
14.1,5,26,21
9.4,5,26,22
-99.0,5,26,23
21.3,5,27,0
-99.0,5,27,1
10.6,5,27,2
6.5,5,27,3
2.3,5,27,4
3.8,5,27,5
3.3,5,27,6
7.7,5,27,7
2.7,5,27,8
2.1,5,27,9
1.7,5,27,10
1.6,5,27,11
4.5,5,27,12
1.6,5,27,13
7.8,5,27,14
8.3,5,27,15
8.5,5,27,16
12.2,5,27,17
7.0,5,27,18
11.2,5,27,19
11.3,5,27,20
12.5,5,27,21
10.8,5,27,22
9.3,5,27,23
31.8,5,28,0
25.2,5,28,1
3.4,5,28,2
7.4,5,28,3
10.4,5,28,4
0.0,5,28,5
10.1,5,28,6
2.5,5,28,7
4.2,5,28,8
3.5,5,28,9
6.9,5,28,10
2.9,5,28,11
4.6,5,28,12
1.7,5,28,13
7.2,5,28,14
10.2,5,28,15
9.1,5,28,16
10.8,5,28,17
10.7,5,28,18
11.7,5,28,19
11.3,5,28,20
12.0,5,28,21
12.0,5,28,22
10.3,5,28,23
23.3,5,29,0
5.9,5,29,1
19.4,5,29,2
10.0,5,29,3
3.1,5,29,4
9.1,5,29,5
8.5,5,29,6
1.7,5,29,7
0.0,5,29,8
5.6,5,29,9
2.6,5,29,10
2.0,5,29,11
1.6,5,29,12
1.6,5,29,13
4.5,5,29,14
3.8,5,29,15
8.9,5,29,16
7.4,5,29,17
12.4,5,29,18
12.4,5,29,19
10.3,5,29,20
9.9,5,29,21
10.2,5,29,22
15.7,5,29,23
9.7,5,30,0
2.0,5,30,1
27.8,5,30,2
16.6,5,30,3
11.9,5,30,4
3.5,5,30,5
5.4,5,30,6
4.3,5,30,7
4.7,5,30,8
0.0,5,30,9
7.5,5,30,10
3.4,5,30,11
3.9,5,30,12
2.6,5,30,13
5.8,5,30,14
11.1,5,30,15
7.5,5,30,16
4.8,5,30,17
6.3,5,30,18
8.6,5,30,19
10.7,5,30,20
9.3,5,30,21
13.5,5,30,22
13.9,5,30,23
10.6,5,31,0
22.1,5,31,1
7.3,5,31,2
5.9,5,31,3
5.4,5,31,4
5.2,5,31,5
9.7,5,31,6
2.3,5,31,7
1.7,5,31,8
3.3,5,31,9
2.8,5,31,10
3.5,5,31,11
0.0,5,31,12
5.6,5,31,13
3.8,5,31,14
4.1,5,31,15
2.6,5,31,16
3.7,5,31,17
5.4,5,31,18
8.9,5,31,19
9.5,5,31,20
10.3,5,31,21
8.2,5,31,22
-99.0,5,31,23
