190.0,7,1,0
158.0,7,1,1
123.0,7,1,2
201.0,7,1,3
311.0,7,1,4
349.0,7,1,5
286.0,7,1,6
339.0,7,1,7
349.0,7,1,8
125.0,7,1,9
161.0,7,1,10
316.0,7,1,11
9.0,7,1,12
306.0,7,1,13
148.0,7,1,14
71.0,7,1,15
177.0,7,1,16
177.0,7,1,17
186.0,7,1,18
144.0,7,1,19
196.0,7,1,20
148.0,7,1,21
166.0,7,1,22
271.0,7,1,23
276.0,7,2,0
243.0,7,2,1
280.0,7,2,2
327.0,7,2,3
25.0,7,2,4
66.0,7,2,5
66.0,7,2,6
359.0,7,2,7
63.0,7,2,8
167.0,7,2,9
204.0,7,2,10
5.0,7,2,11
146.0,7,2,12
239.0,7,2,13
359.0,7,2,14
47.0,7,2,15
143.0,7,2,16
160.0,7,2,17
190.0,7,2,18
213.0,7,2,19
195.0,7,2,20
195.0,7,2,21
204.0,7,2,22
103.0,7,2,23
129.0,7,3,0
127.0,7,3,1
334.0,7,3,2
173.0,7,3,3
16.0,7,3,4
22.0,7,3,5
90.0,7,3,6
234.0,7,3,7
112.0,7,3,8
288.0,7,3,9
41.0,7,3,10
323.0,7,3,11
264.0,7,3,12
352.0,7,3,13
123.0,7,3,14
185.0,7,3,15
196.0,7,3,16
218.0,7,3,17
137.0,7,3,18
201.0,7,3,19
266.0,7,3,20
217.0,7,3,21
248.0,7,3,22
234.0,7,3,23
207.0,7,4,0
83.0,7,4,1
65.0,7,4,2
317.0,7,4,3
231.0,7,4,4
133.0,7,4,5
109.0,7,4,6
-99.0,7,4,7
351.0,7,4,8
340.0,7,4,9
53.0,7,4,10
110.0,7,4,11
84.0,7,4,12
138.0,7,4,13
108.0,7,4,14
149.0,7,4,15
176.0,7,4,16
155.0,7,4,17
192.0,7,4,18
200.0,7,4,19
220.0,7,4,20
200.0,7,4,21
170.0,7,4,22
70.0,7,4,23
69.0,7,5,0
354.0,7,5,1
163.0,7,5,2
59.0,7,5,3
77.0,7,5,4
249.0,7,5,5
236.0,7,5,6
315.0,7,5,7
230.0,7,5,8
102.0,7,5,9
132.0,7,5,10
336.0,7,5,11
255.0,7,5,12
291.0,7,5,13
178.0,7,5,14
217.0,7,5,15
211.0,7,5,16
209.0,7,5,17
214.0,7,5,18
212.0,7,5,19
153.0,7,5,20
196.0,7,5,21
229.0,7,5,22
220.0,7,5,23
137.0,7,6,0
355.0,7,6,1
336.0,7,6,2
211.0,7,6,3
3.0,7,6,4
321.0,7,6,5
358.0,7,6,6
75.0,7,6,7
42.0,7,6,8
56.0,7,6,9
22.0,7,6,10
55.0,7,6,11
242.0,7,6,12
17.0,7,6,13
153.0,7,6,14
152.0,7,6,15
134.0,7,6,16
155.0,7,6,17
118.0,7,6,18
158.0,7,6,19
166.0,7,6,20
192.0,7,6,21
232.0,7,6,22
193.0,7,6,23
231.0,7,7,0
296.0,7,7,1
78.0,7,7,2
100.0,7,7,3
178.0,7,7,4
213.0,7,7,5
336.0,7,7,6
333.0,7,7,7
330.0,7,7,8
192.0,7,7,9
2.0,7,7,10
76.0,7,7,11
5.0,7,7,12
265.0,7,7,13
207.0,7,7,14
173.0,7,7,15
207.0,7,7,16
243.0,7,7,17
251.0,7,7,18
210.0,7,7,19
162.0,7,7,20
254.0,7,7,21
279.0,7,7,22
206.0,7,7,23
243.0,7,8,0
211.0,7,8,1
76.0,7,8,2
61.0,7,8,3
25.0,7,8,4
71.0,7,8,5
110.0,7,8,6
56.0,7,8,7
76.0,7,8,8
312.0,7,8,9
259.0,7,8,10
196.0,7,8,11
323.0,7,8,12
219.0,7,8,13
138.0,7,8,14
145.0,7,8,15
111.0,7,8,16
149.0,7,8,17
138.0,7,8,18
143.0,7,8,19
169.0,7,8,20
191.0,7,8,21
183.0,7,8,22
183.0,7,8,23
319.0,7,9,0
1.0,7,9,1
10.0,7,9,2
45.0,7,9,3
87.0,7,9,4
69.0,7,9,5
257.0,7,9,6
306.0,7,9,7
123.0,7,9,8
299.0,7,9,9
312.0,7,9,10
245.0,7,9,11
212.0,7,9,12
86.0,7,9,13
155.0,7,9,14
88.0,7,9,15
72.0,7,9,16
61.0,7,9,17
83.0,7,9,18
69.0,7,9,19
100.0,7,9,20
107.0,7,9,21
95.0,7,9,22
77.0,7,9,23
75.0,7,10,0
33.0,7,10,1
65.0,7,10,2
65.0,7,10,3
77.0,7,10,4
21.0,7,10,5
61.0,7,10,6
66.0,7,10,7
54.0,7,10,8
31.0,7,10,9
26.0,7,10,10
44.0,7,10,11
74.0,7,10,12
167.0,7,10,13
16.0,7,10,14
66.0,7,10,15
85.0,7,10,16
89.0,7,10,17
89.0,7,10,18
67.0,7,10,19
89.0,7,10,20
85.0,7,10,21
81.0,7,10,22
94.0,7,10,23
80.0,7,11,0
100.0,7,11,1
71.0,7,11,2
79.0,7,11,3
69.0,7,11,4
71.0,7,11,5
58.0,7,11,6
53.0,7,11,7
58.0,7,11,8
101.0,7,11,9
84.0,7,11,10
307.0,7,11,11
135.0,7,11,12
91.0,7,11,13
70.0,7,11,14
80.0,7,11,15
53.0,7,11,16
78.0,7,11,17
79.0,7,11,18
93.0,7,11,19
85.0,7,11,20
109.0,7,11,21
108.0,7,11,22
112.0,7,11,23
102.0,7,12,0
89.0,7,12,1
87.0,7,12,2
169.0,7,12,3
65.0,7,12,4
103.0,7,12,5
74.0,7,12,6
98.0,7,12,7
87.0,7,12,8
107.0,7,12,9
77.0,7,12,10
94.0,7,12,11
48.0,7,12,12
113.0,7,12,13
97.0,7,12,14
39.0,7,12,15
54.0,7,12,16
74.0,7,12,17
80.0,7,12,18
69.0,7,12,19
66.0,7,12,20
56.0,7,12,21
113.0,7,12,22
127.0,7,12,23
92.0,7,13,0
109.0,7,13,1
76.0,7,13,2
287.0,7,13,3
38.0,7,13,4
34.0,7,13,5
30.0,7,13,6
58.0,7,13,7
343.0,7,13,8
253.0,7,13,9
6.0,7,13,10
316.0,7,13,11
359.0,7,13,12
2.0,7,13,13
113.0,7,13,14
112.0,7,13,15
102.0,7,13,16
283.0,7,13,17
189.0,7,13,18
113.0,7,13,19
269.0,7,13,20
215.0,7,13,21
224.0,7,13,22
235.0,7,13,23
235.0,7,14,0
221.0,7,14,1
299.0,7,14,2
244.0,7,14,3
292.0,7,14,4
279.0,7,14,5
288.0,7,14,6
270.0,7,14,7
278.0,7,14,8
274.0,7,14,9
270.0,7,14,10
244.0,7,14,11
290.0,7,14,12
73.0,7,14,13
344.0,7,14,14
119.0,7,14,15
95.0,7,14,16
223.0,7,14,17
225.0,7,14,18
216.0,7,14,19
221.0,7,14,20
222.0,7,14,21
214.0,7,14,22
225.0,7,14,23
233.0,7,15,0
222.0,7,15,1
200.0,7,15,2
351.0,7,15,3
65.0,7,15,4
338.0,7,15,5
286.0,7,15,6
298.0,7,15,7
265.0,7,15,8
316.0,7,15,9
343.0,7,15,10
226.0,7,15,11
126.0,7,15,12
209.0,7,15,13
124.0,7,15,14
117.0,7,15,15
232.0,7,15,16
231.0,7,15,17
204.0,7,15,18
238.0,7,15,19
196.0,7,15,20
220.0,7,15,21
213.0,7,15,22
186.0,7,15,23
198.0,7,16,0
224.0,7,16,1
246.0,7,16,2
72.0,7,16,3
229.0,7,16,4
140.0,7,16,5
100.0,7,16,6
147.0,7,16,7
77.0,7,16,8
91.0,7,16,9
99.0,7,16,10
145.0,7,16,11
66.0,7,16,12
28.0,7,16,13
307.0,7,16,14
211.0,7,16,15
218.0,7,16,16
102.0,7,16,17
105.0,7,16,18
192.0,7,16,19
191.0,7,16,20
183.0,7,16,21
206.0,7,16,22
208.0,7,16,23
196.0,7,17,0
268.0,7,17,1
338.0,7,17,2
171.0,7,17,3
329.0,7,17,4
234.0,7,17,5
103.0,7,17,6
90.0,7,17,7
317.0,7,17,8
333.0,7,17,9
189.0,7,17,10
151.0,7,17,11
140.0,7,17,12
179.0,7,17,13
258.0,7,17,14
169.0,7,17,15
184.0,7,17,16
257.0,7,17,17
182.0,7,17,18
171.0,7,17,19
213.0,7,17,20
201.0,7,17,21
213.0,7,17,22
228.0,7,17,23
213.0,7,18,0
211.0,7,18,1
229.0,7,18,2
65.0,7,18,3
183.0,7,18,4
333.0,7,18,5
299.0,7,18,6
122.0,7,18,7
315.0,7,18,8
9.0,7,18,9
130.0,7,18,10
91.0,7,18,11
139.0,7,18,12
330.0,7,18,13
340.0,7,18,14
264.0,7,18,15
217.0,7,18,16
228.0,7,18,17
209.0,7,18,18
212.0,7,18,19
213.0,7,18,20
223.0,7,18,21
225.0,7,18,22
7.0,7,18,23
185.0,7,19,0
311.0,7,19,1
94.0,7,19,2
282.0,7,19,3
280.0,7,19,4
84.0,7,19,5
184.0,7,19,6
49.0,7,19,7
345.0,7,19,8
4.0,7,19,9
69.0,7,19,10
109.0,7,19,11
317.0,7,19,12
319.0,7,19,13
343.0,7,19,14
101.0,7,19,15
101.0,7,19,16
153.0,7,19,17
219.0,7,19,18
191.0,7,19,19
210.0,7,19,20
211.0,7,19,21
-99.0,7,19,22
224.0,7,19,23
271.0,7,20,0
294.0,7,20,1
317.0,7,20,2
184.0,7,20,3
-99.0,7,20,4
24.0,7,20,5
158.0,7,20,6
137.0,7,20,7
61.0,7,20,8
326.0,7,20,9
57.0,7,20,10
103.0,7,20,11
351.0,7,20,12
181.0,7,20,13
134.0,7,20,14
149.0,7,20,15
241.0,7,20,16
149.0,7,20,17
222.0,7,20,18
157.0,7,20,19
188.0,7,20,20
230.0,7,20,21
246.0,7,20,22
224.0,7,20,23
226.0,7,21,0
37.0,7,21,1
5.0,7,21,2
118.0,7,21,3
23.0,7,21,4
23.0,7,21,5
311.0,7,21,6
24.0,7,21,7
303.0,7,21,8
330.0,7,21,9
217.0,7,21,10
273.0,7,21,11
100.0,7,21,12
75.0,7,21,13
82.0,7,21,14
104.0,7,21,15
164.0,7,21,16
182.0,7,21,17
166.0,7,21,18
158.0,7,21,19
113.0,7,21,20
177.0,7,21,21
171.0,7,21,22
156.0,7,21,23
156.0,7,22,0
102.0,7,22,1
81.0,7,22,2
28.0,7,22,3
121.0,7,22,4
328.0,7,22,5
348.0,7,22,6
0.0,7,22,7
99.0,7,22,8
22.0,7,22,9
347.0,7,22,10
302.0,7,22,11
132.0,7,22,12
42.0,7,22,13
115.0,7,22,14
176.0,7,22,15
154.0,7,22,16
171.0,7,22,17
220.0,7,22,18
218.0,7,22,19
205.0,7,22,20
209.0,7,22,21
225.0,7,22,22
225.0,7,22,23
230.0,7,23,0
46.0,7,23,1
350.0,7,23,2
110.0,7,23,3
239.0,7,23,4
306.0,7,23,5
198.0,7,23,6
49.0,7,23,7
122.0,7,23,8
324.0,7,23,9
272.0,7,23,10
274.0,7,23,11
82.0,7,23,12
321.0,7,23,13
296.0,7,23,14
305.0,7,23,15
185.0,7,23,16
187.0,7,23,17
153.0,7,23,18
192.0,7,23,19
185.0,7,23,20
235.0,7,23,21
229.0,7,23,22
29.0,7,23,23
51.0,7,24,0
226.0,7,24,1
171.0,7,24,2
153.0,7,24,3
189.0,7,24,4
338.0,7,24,5
195.0,7,24,6
89.0,7,24,7
225.0,7,24,8
306.0,7,24,9
293.0,7,24,10
108.0,7,24,11
104.0,7,24,12
321.0,7,24,13
42.0,7,24,14
148.0,7,24,15
152.0,7,24,16
184.0,7,24,17
178.0,7,24,18
224.0,7,24,19
109.0,7,24,20
75.0,7,24,21
118.0,7,24,22
154.0,7,24,23
40.0,7,25,0
6.0,7,25,1
44.0,7,25,2
34.0,7,25,3
46.0,7,25,4
50.0,7,25,5
29.0,7,25,6
52.0,7,25,7
21.0,7,25,8
24.0,7,25,9
106.0,7,25,10
206.0,7,25,11
349.0,7,25,12
300.0,7,25,13
290.0,7,25,14
164.0,7,25,15
80.0,7,25,16
84.0,7,25,17
131.0,7,25,18
75.0,7,25,19
140.0,7,25,20
166.0,7,25,21
110.0,7,25,22
165.0,7,25,23
108.0,7,26,0
104.0,7,26,1
74.0,7,26,2
84.0,7,26,3
78.0,7,26,4
35.0,7,26,5
67.0,7,26,6
65.0,7,26,7
63.0,7,26,8
338.0,7,26,9
252.0,7,26,10
324.0,7,26,11
265.0,7,26,12
304.0,7,26,13
57.0,7,26,14
133.0,7,26,15
134.0,7,26,16
153.0,7,26,17
154.0,7,26,18
139.0,7,26,19
140.0,7,26,20
166.0,7,26,21
198.0,7,26,22
214.0,7,26,23
219.0,7,27,0
214.0,7,27,1
75.0,7,27,2
66.0,7,27,3
64.0,7,27,4
50.0,7,27,5
38.0,7,27,6
299.0,7,27,7
284.0,7,27,8
193.0,7,27,9
319.0,7,27,10
101.0,7,27,11
289.0,7,27,12
180.0,7,27,13
150.0,7,27,14
61.0,7,27,15
125.0,7,27,16
179.0,7,27,17
169.0,7,27,18
166.0,7,27,19
159.0,7,27,20
173.0,7,27,21
190.0,7,27,22
243.0,7,27,23
214.0,7,28,0
242.0,7,28,1
62.0,7,28,2
64.0,7,28,3
60.0,7,28,4
4.0,7,28,5
27.0,7,28,6
9.0,7,28,7
338.0,7,28,8
268.0,7,28,9
248.0,7,28,10
200.0,7,28,11
311.0,7,28,12
217.0,7,28,13
183.0,7,28,14
293.0,7,28,15
106.0,7,28,16
140.0,7,28,17
164.0,7,28,18
131.0,7,28,19
128.0,7,28,20
216.0,7,28,21
226.0,7,28,22
234.0,7,28,23
205.0,7,29,0
84.0,7,29,1
79.0,7,29,2
74.0,7,29,3
66.0,7,29,4
182.0,7,29,5
36.0,7,29,6
68.0,7,29,7
74.0,7,29,8
37.0,7,29,9
55.0,7,29,10
279.0,7,29,11
288.0,7,29,12
21.0,7,29,13
91.0,7,29,14
98.0,7,29,15
112.0,7,29,16
143.0,7,29,17
111.0,7,29,18
87.0,7,29,19
85.0,7,29,20
71.0,7,29,21
124.0,7,29,22
107.0,7,29,23
111.0,7,30,0
91.0,7,30,1
94.0,7,30,2
79.0,7,30,3
81.0,7,30,4
94.0,7,30,5
76.0,7,30,6
67.0,7,30,7
65.0,7,30,8
60.0,7,30,9
53.0,7,30,10
87.0,7,30,11
223.0,7,30,12
342.0,7,30,13
204.0,7,30,14
194.0,7,30,15
113.0,7,30,16
121.0,7,30,17
99.0,7,30,18
138.0,7,30,19
206.0,7,30,20
193.0,7,30,21
230.0,7,30,22
117.0,7,30,23
87.0,7,31,0
78.0,7,31,1
87.0,7,31,2
68.0,7,31,3
76.0,7,31,4
66.0,7,31,5
58.0,7,31,6
44.0,7,31,7
38.0,7,31,8
50.0,7,31,9
34.0,7,31,10
103.0,7,31,11
354.0,7,31,12
93.0,7,31,13
2.0,7,31,14
99.0,7,31,15
83.0,7,31,16
156.0,7,31,17
163.0,7,31,18
193.0,7,31,19
110.0,7,31,20
29.0,7,31,21
240.0,7,31,22
61.0,7,31,23
