868.8,11,1,0,0
869.6,11,1,1,0
869.8,11,1,2,0
870.4,11,1,3,0
870.8,11,1,4,0
870.7,11,1,5,0
870.5,11,1,6,0
870.4,11,1,7,0
870.1,11,1,8,0
869.7,11,1,9,0
869.6,11,1,10,0
869.7,11,1,11,0
869.8,11,1,12,0
870.5,11,1,13,0
871.1,11,1,14,0
871.8,11,1,15,0
871.9,11,1,16,0
871.6,11,1,17,0
870.5,11,1,18,0
869.6,11,1,19,0
868.6,11,1,20,0
868.0,11,1,21,0
867.7,11,1,22,0
867.5,11,1,23,0
867.9,11,2,0,0
868.6,11,2,1,0
869.3,11,2,2,0
870.0,11,2,3,0
870.2,11,2,4,0
870.1,11,2,5,0
870.0,11,2,6,0
870.2,11,2,7,0
869.7,11,2,8,0
869.4,11,2,9,0
869.0,11,2,10,0
869.1,11,2,11,0
869.4,11,2,12,0
870.2,11,2,13,0
871.3,11,2,14,0
871.7,11,2,15,0
871.9,11,2,16,0
871.5,11,2,17,0
870.5,11,2,18,0
869.8,11,2,19,0
868.8,11,2,20,0
868.0,11,2,21,0
867.7,11,2,22,0
867.6,11,2,23,0
867.8,11,3,0,0
868.4,11,3,1,0
869.0,11,3,2,0
869.6,11,3,3,0
870.3,11,3,4,0
870.3,11,3,5,0
870.1,11,3,6,0
869.8,11,3,7,0
869.6,11,3,8,0
869.8,11,3,9,0
870.6,11,3,10,0
870.6,11,3,11,0
871.3,11,3,12,0
871.8,11,3,13,0
872.2,11,3,14,0
872.5,11,3,15,0
872.7,11,3,16,0
871.9,11,3,17,0
871.0,11,3,18,0
870.0,11,3,19,0
868.9,11,3,20,0
868.2,11,3,21,0
867.8,11,3,22,0
867.7,11,3,23,0
868.2,11,4,0,0
868.6,11,4,1,0
869.5,11,4,2,0
870.3,11,4,3,0
870.8,11,4,4,0
871.0,11,4,5,0
871.2,11,4,6,0
870.9,11,4,7,0
871.0,11,4,8,0
870.5,11,4,9,0
870.5,11,4,10,0
870.6,11,4,11,0
870.8,11,4,12,0
871.4,11,4,13,0
872.1,11,4,14,0
872.5,11,4,15,0
872.5,11,4,16,0
872.1,11,4,17,0
871.1,11,4,18,0
869.8,11,4,19,0
869.0,11,4,20,0
868.0,11,4,21,0
867.5,11,4,22,0
867.2,11,4,23,0
867.7,11,5,0,0
868.5,11,5,1,0
869.6,11,5,2,0
870.4,11,5,3,0
870.7,11,5,4,0
871.1,11,5,5,0
871.2,11,5,6,0
871.0,11,5,7,0
871.1,11,5,8,0
870.8,11,5,9,0
870.8,11,5,10,0
870.9,11,5,11,0
871.4,11,5,12,0
871.6,11,5,13,0
871.9,11,5,14,0
872.2,11,5,15,0
872.4,11,5,16,0
872.0,11,5,17,0
870.9,11,5,18,0
869.9,11,5,19,0
868.9,11,5,20,0
868.3,11,5,21,0
867.8,11,5,22,0
867.8,11,5,23,0
868.2,11,6,0,0
868.8,11,6,1,0
869.9,11,6,2,0
870.6,11,6,3,0
870.9,11,6,4,0
871.1,11,6,5,0
871.0,11,6,6,0
870.6,11,6,7,0
870.3,11,6,8,0
870.1,11,6,9,0
869.9,11,6,10,0
870.0,11,6,11,0
870.3,11,6,12,0
870.8,11,6,13,0
871.1,11,6,14,0
871.6,11,6,15,0
871.7,11,6,16,0
870.9,11,6,17,0
869.8,11,6,18,0
868.5,11,6,19,0
867.5,11,6,20,0
866.7,11,6,21,0
866.2,11,6,22,0
866.4,11,6,23,0
866.8,11,7,0,0
867.5,11,7,1,0
868.5,11,7,2,0
869.2,11,7,3,0
869.5,11,7,4,0
869.7,11,7,5,0
870.0,11,7,6,0
870.2,11,7,7,0
869.8,11,7,8,0
869.5,11,7,9,0
869.5,11,7,10,0
869.5,11,7,11,0
869.9,11,7,12,0
870.7,11,7,13,0
871.2,11,7,14,0
871.7,11,7,15,0
871.8,11,7,16,0
871.3,11,7,17,0
870.3,11,7,18,0
869.3,11,7,19,0
868.2,11,7,20,0
867.3,11,7,21,0
866.8,11,7,22,0
866.8,11,7,23,0
867.3,11,8,0,0
868.2,11,8,1,0
869.3,11,8,2,0
870.2,11,8,3,0
870.5,11,8,4,0
870.5,11,8,5,0
870.1,11,8,6,0
870.0,11,8,7,0
870.0,11,8,8,0
869.6,11,8,9,0
869.9,11,8,10,0
870.1,11,8,11,0
870.8,11,8,12,0
871.5,11,8,13,0
872.1,11,8,14,0
872.3,11,8,15,0
872.6,11,8,16,0
872.1,11,8,17,0
871.2,11,8,18,0
870.2,11,8,19,0
869.1,11,8,20,0
868.5,11,8,21,0
868.0,11,8,22,0
868.1,11,8,23,0
868.6,11,9,0,0
869.3,11,9,1,0
870.4,11,9,2,0
871.1,11,9,3,0
871.8,11,9,4,0
872.0,11,9,5,0
871.7,11,9,6,0
871.3,11,9,7,0
871.2,11,9,8,0
870.7,11,9,9,0
870.8,11,9,10,0
871.2,11,9,11,0
871.5,11,9,12,0
872.0,11,9,13,0
872.4,11,9,14,0
872.7,11,9,15,0
872.7,11,9,16,0
872.2,11,9,17,0
871.4,11,9,18,0
870.2,11,9,19,0
869.3,11,9,20,0
868.7,11,9,21,0
868.4,11,9,22,0
868.5,11,9,23,0
869.2,11,10,0,0
869.9,11,10,1,0
870.8,11,10,2,0
871.7,11,10,3,0
872.3,11,10,4,0
872.4,11,10,5,0
872.6,11,10,6,0
872.6,11,10,7,0
872.5,11,10,8,0
872.2,11,10,9,0
872.1,11,10,10,0
872.1,11,10,11,0
872.4,11,10,12,0
873.0,11,10,13,0
873.5,11,10,14,0
873.5,11,10,15,0
873.5,11,10,16,0
872.8,11,10,17,0
872.0,11,10,18,0
870.6,11,10,19,0
869.5,11,10,20,0
868.6,11,10,21,0
868.3,11,10,22,0
868.3,11,10,23,0
868.7,11,11,0,0
869.6,11,11,1,0
870.6,11,11,2,0
871.1,11,11,3,0
871.7,11,11,4,0
871.8,11,11,5,0
871.6,11,11,6,0
871.5,11,11,7,0
871.2,11,11,8,0
871.0,11,11,9,0
870.8,11,11,10,0
870.8,11,11,11,0
871.1,11,11,12,0
871.5,11,11,13,0
871.8,11,11,14,0
872.0,11,11,15,0
872.0,11,11,16,0
871.3,11,11,17,0
870.1,11,11,18,0
869.0,11,11,19,0
867.7,11,11,20,0
867.1,11,11,21,0
866.6,11,11,22,0
866.5,11,11,23,0
866.5,11,12,0,0
866.9,11,12,1,0
867.7,11,12,2,0
868.4,11,12,3,0
869.0,11,12,4,0
869.2,11,12,5,0
869.4,11,12,6,0
869.4,11,12,7,0
869.3,11,12,8,0
869.0,11,12,9,0
868.9,11,12,10,0
869.0,11,12,11,0
869.4,11,12,12,0
870.1,11,12,13,0
870.7,11,12,14,0
871.3,11,12,15,0
871.3,11,12,16,0
870.9,11,12,17,0
870.0,11,12,18,0
868.7,11,12,19,0
867.4,11,12,20,0
866.5,11,12,21,0
-99.0,11,12,22,0
866.4,11,12,23,0
867.0,11,13,0,0
868.0,11,13,1,0
869.2,11,13,2,0
870.1,11,13,3,0
870.5,11,13,4,0
870.8,11,13,5,0
870.8,11,13,6,0
870.3,11,13,7,0
869.8,11,13,8,0
869.7,11,13,9,0
869.7,11,13,10,0
869.6,11,13,11,0
869.6,11,13,12,0
870.3,11,13,13,0
870.9,11,13,14,0
871.6,11,13,15,0
871.8,11,13,16,0
871.1,11,13,17,0
870.2,11,13,18,0
869.2,11,13,19,0
868.3,11,13,20,0
867.8,11,13,21,0
867.9,11,13,22,0
867.9,11,13,23,0
868.6,11,14,0,0
869.5,11,14,1,0
870.4,11,14,2,0
870.9,11,14,3,0
871.3,11,14,4,0
871.3,11,14,5,0
871.2,11,14,6,0
870.9,11,14,7,0
870.6,11,14,8,0
870.1,11,14,9,0
870.1,11,14,10,0
870.1,11,14,11,0
870.5,11,14,12,0
870.8,11,14,13,0
871.7,11,14,14,0
872.2,11,14,15,0
872.2,11,14,16,0
871.7,11,14,17,0
870.8,11,14,18,0
869.7,11,14,19,0
868.7,11,14,20,0
868.3,11,14,21,0
868.1,11,14,22,0
868.3,11,14,23,0
869.2,11,15,0,0
870.0,11,15,1,0
871.0,11,15,2,0
872.0,11,15,3,0
872.4,11,15,4,0
872.5,11,15,5,0
872.1,11,15,6,0
872.3,11,15,7,0
872.1,11,15,8,0
871.4,11,15,9,0
871.5,11,15,10,0
871.6,11,15,11,0
871.9,11,15,12,0
872.3,11,15,13,0
872.9,11,15,14,0
873.0,11,15,15,0
873.0,11,15,16,0
872.2,11,15,17,0
871.2,11,15,18,0
870.2,11,15,19,0
869.1,11,15,20,0
868.5,11,15,21,0
868.2,11,15,22,0
868.5,11,15,23,0
869.0,11,16,0,0
869.2,11,16,1,0
870.0,11,16,2,0
870.8,11,16,3,0
871.1,11,16,4,0
871.5,11,16,5,0
871.3,11,16,6,0
870.8,11,16,7,0
870.6,11,16,8,0
870.0,11,16,9,0
869.9,11,16,10,0
869.8,11,16,11,0
870.0,11,16,12,0
870.5,11,16,13,0
870.8,11,16,14,0
871.0,11,16,15,0
870.9,11,16,16,0
870.3,11,16,17,0
869.2,11,16,18,0
867.8,11,16,19,0
866.6,11,16,20,0
865.8,11,16,21,0
865.4,11,16,22,0
865.4,11,16,23,0
865.2,11,17,0,0
865.6,11,17,1,0
866.6,11,17,2,0
867.3,11,17,3,0
867.4,11,17,4,0
867.6,11,17,5,0
867.7,11,17,6,0
867.3,11,17,7,0
867.1,11,17,8,0
866.8,11,17,9,0
866.7,11,17,10,0
866.7,11,17,11,0
867.2,11,17,12,0
867.7,11,17,13,0
868.1,11,17,14,0
868.6,11,17,15,0
868.6,11,17,16,0
867.9,11,17,17,0
867.2,11,17,18,0
866.0,11,17,19,0
864.9,11,17,20,0
864.2,11,17,21,0
864.0,11,17,22,0
864.2,11,17,23,0
864.5,11,18,0,0
865.0,11,18,1,0
865.7,11,18,2,0
866.6,11,18,3,0
866.8,11,18,4,0
866.9,11,18,5,0
866.7,11,18,6,0
866.4,11,18,7,0
866.3,11,18,8,0
865.9,11,18,9,0
865.8,11,18,10,0
865.8,11,18,11,0
866.2,11,18,12,0
866.7,11,18,13,0
867.4,11,18,14,0
867.9,11,18,15,0
868.0,11,18,16,0
867.7,11,18,17,0
866.8,11,18,18,0
865.7,11,18,19,0
864.7,11,18,20,0
864.0,11,18,21,0
863.7,11,18,22,0
863.9,11,18,23,0
864.1,11,19,0,0
864.8,11,19,1,0
866.0,11,19,2,0
866.8,11,19,3,0
867.4,11,19,4,0
867.8,11,19,5,0
867.8,11,19,6,0
867.6,11,19,7,0
867.8,11,19,8,0
867.6,11,19,9,0
867.7,11,19,10,0
867.8,11,19,11,0
868.1,11,19,12,0
868.9,11,19,13,0
869.6,11,19,14,0
870.1,11,19,15,0
870.5,11,19,16,0
870.6,11,19,17,0
869.7,11,19,18,0
869.0,11,19,19,0
868.1,11,19,20,0
867.4,11,19,21,0
867.1,11,19,22,0
867.0,11,19,23,0
867.3,11,20,0,0
868.0,11,20,1,0
868.9,11,20,2,0
869.5,11,20,3,0
869.7,11,20,4,0
870.3,11,20,5,0
870.3,11,20,6,0
870.3,11,20,7,0
869.9,11,20,8,0
869.4,11,20,9,0
869.1,11,20,10,0
869.0,11,20,11,0
869.4,11,20,12,0
870.2,11,20,13,0
870.8,11,20,14,0
870.9,11,20,15,0
870.7,11,20,16,0
870.2,11,20,17,0
869.2,11,20,18,0
868.1,11,20,19,0
866.7,11,20,20,0
866.1,11,20,21,0
865.6,11,20,22,0
865.7,11,20,23,0
865.9,11,21,0,0
866.6,11,21,1,0
867.4,11,21,2,0
868.0,11,21,3,0
868.4,11,21,4,0
868.7,11,21,5,0
868.8,11,21,6,0
868.7,11,21,7,0
868.6,11,21,8,0
868.2,11,21,9,0
868.0,11,21,10,0
868.2,11,21,11,0
868.3,11,21,12,0
868.4,11,21,13,0
868.9,11,21,14,0
869.3,11,21,15,0
869.5,11,21,16,0
868.8,11,21,17,0
867.9,11,21,18,0
866.8,11,21,19,0
865.4,11,21,20,0
864.5,11,21,21,0
864.1,11,21,22,0
863.9,11,21,23,0
864.7,11,22,0,0
865.3,11,22,1,0
867.8,11,22,2,0
869.0,11,22,3,0
869.3,11,22,4,0
868.9,11,22,5,0
868.8,11,22,6,0
868.9,11,22,7,0
868.9,11,22,8,0
868.1,11,22,9,0
868.3,11,22,10,0
868.3,11,22,11,0
868.8,11,22,12,0
869.8,11,22,13,0
870.7,11,22,14,0
871.4,11,22,15,0
871.6,11,22,16,0
871.1,11,22,17,0
870.2,11,22,18,0
868.9,11,22,19,0
867.9,11,22,20,0
867.5,11,22,21,0
867.7,11,22,22,0
867.7,11,22,23,0
868.5,11,23,0,0
869.5,11,23,1,0
870.4,11,23,2,0
870.9,11,23,3,0
871.5,11,23,4,0
871.4,11,23,5,0
870.9,11,23,6,0
870.7,11,23,7,0
870.7,11,23,8,0
870.5,11,23,9,0
870.5,11,23,10,0
870.5,11,23,11,0
871.0,11,23,12,0
871.7,11,23,13,0
872.5,11,23,14,0
872.8,11,23,15,0
872.9,11,23,16,0
872.4,11,23,17,0
871.3,11,23,18,0
870.1,11,23,19,0
869.2,11,23,20,0
868.8,11,23,21,0
868.7,11,23,22,0
868.9,11,23,23,0
869.7,11,24,0,0
870.6,11,24,1,0
871.8,11,24,2,0
872.4,11,24,3,0
872.7,11,24,4,0
872.9,11,24,5,0
872.7,11,24,6,0
872.5,11,24,7,0
872.3,11,24,8,0
871.6,11,24,9,0
871.5,11,24,10,0
871.4,11,24,11,0
871.6,11,24,12,0
872.1,11,24,13,0
872.7,11,24,14,0
872.8,11,24,15,0
873.0,11,24,16,0
872.5,11,24,17,0
871.5,11,24,18,0
870.2,11,24,19,0
869.2,11,24,20,0
868.3,11,24,21,0
867.9,11,24,22,0
867.6,11,24,23,0
867.9,11,25,0,0
868.7,11,25,1,0
869.7,11,25,2,0
870.3,11,25,3,0
870.5,11,25,4,0
870.4,11,25,5,0
870.3,11,25,6,0
870.2,11,25,7,0
870.0,11,25,8,0
869.6,11,25,9,0
869.4,11,25,10,0
869.4,11,25,11,0
869.9,11,25,12,0
870.8,11,25,13,0
871.4,11,25,14,0
872.0,11,25,15,0
872.1,11,25,16,0
871.6,11,25,17,0
870.6,11,25,18,0
869.2,11,25,19,0
868.0,11,25,20,0
867.3,11,25,21,0
866.9,11,25,22,0
867.1,11,25,23,0
867.7,11,26,0,0
868.3,11,26,1,0
869.3,11,26,2,0
870.3,11,26,3,0
871.0,11,26,4,0
871.4,11,26,5,0
871.7,11,26,6,0
871.7,11,26,7,0
871.6,11,26,8,0
871.2,11,26,9,0
871.1,11,26,10,0
871.0,11,26,11,0
871.4,11,26,12,0
871.7,11,26,13,0
872.4,11,26,14,0
873.0,11,26,15,0
873.2,11,26,16,0
872.8,11,26,17,0
871.4,11,26,18,0
870.3,11,26,19,0
869.1,11,26,20,0
868.2,11,26,21,0
867.7,11,26,22,0
867.8,11,26,23,0
868.4,11,27,0,0
869.0,11,27,1,0
869.9,11,27,2,0
870.5,11,27,3,0
871.2,11,27,4,0
871.6,11,27,5,0
871.5,11,27,6,0
871.2,11,27,7,0
870.9,11,27,8,0
870.7,11,27,9,0
870.7,11,27,10,0
870.7,11,27,11,0
871.0,11,27,12,0
871.5,11,27,13,0
872.1,11,27,14,0
872.7,11,27,15,0
873.0,11,27,16,0
872.7,11,27,17,0
871.8,11,27,18,0
871.1,11,27,19,0
870.1,11,27,20,0
869.4,11,27,21,0
869.1,11,27,22,0
869.1,11,27,23,0
869.4,11,28,0,0
869.9,11,28,1,0
870.7,11,28,2,0
871.0,11,28,3,0
871.3,11,28,4,0
871.3,11,28,5,0
871.1,11,28,6,0
870.8,11,28,7,0
870.6,11,28,8,0
870.2,11,28,9,0
870.3,11,28,10,0
870.5,11,28,11,0
870.6,11,28,12,0
871.1,11,28,13,0
871.5,11,28,14,0
872.0,11,28,15,0
872.1,11,28,16,0
871.5,11,28,17,0
870.7,11,28,18,0
869.5,11,28,19,0
868.4,11,28,20,0
867.8,11,28,21,0
867.4,11,28,22,0
867.4,11,28,23,0
867.8,11,29,0,0
868.5,11,29,1,0
869.6,11,29,2,0
870.4,11,29,3,0
871.0,11,29,4,0
871.5,11,29,5,0
871.4,11,29,6,0
871.3,11,29,7,0
871.3,11,29,8,0
870.9,11,29,9,0
871.0,11,29,10,0
871.2,11,29,11,0
871.8,11,29,12,0
872.6,11,29,13,0
873.1,11,29,14,0
873.4,11,29,15,0
873.1,11,29,16,0
872.2,11,29,17,0
870.7,11,29,18,0
869.5,11,29,19,0
868.2,11,29,20,0
867.3,11,29,21,0
866.9,11,29,22,0
867.0,11,29,23,0
867.4,11,30,0,0
868.1,11,30,1,0
868.7,11,30,2,0
869.3,11,30,3,0
869.5,11,30,4,0
869.9,11,30,5,0
869.4,11,30,6,0
869.2,11,30,7,0
868.9,11,30,8,0
868.5,11,30,9,0
868.5,11,30,10,0
868.7,11,30,11,0
869.1,11,30,12,0
869.8,11,30,13,0
870.3,11,30,14,0
870.8,11,30,15,0
870.8,11,30,16,0
870.3,11,30,17,0
869.5,11,30,18,0
868.5,11,30,19,0
867.1,11,30,20,0
866.4,11,30,21,0
866.2,11,30,22,0
866.3,11,30,23,0
