334.0,4,1,0
212.0,4,1,1
228.0,4,1,2
259.0,4,1,3
264.0,4,1,4
230.0,4,1,5
234.0,4,1,6
267.0,4,1,7
238.0,4,1,8
259.0,4,1,9
286.0,4,1,10
244.0,4,1,11
227.0,4,1,12
232.0,4,1,13
105.0,4,1,14
70.0,4,1,15
124.0,4,1,16
85.0,4,1,17
99.0,4,1,18
121.0,4,1,19
105.0,4,1,20
87.0,4,1,21
213.0,4,1,22
292.0,4,1,23
110.0,4,2,0
219.0,4,2,1
260.0,4,2,2
349.0,4,2,3
190.0,4,2,4
175.0,4,2,5
314.0,4,2,6
222.0,4,2,7
225.0,4,2,8
266.0,4,2,9
224.0,4,2,10
245.0,4,2,11
260.0,4,2,12
265.0,4,2,13
108.0,4,2,14
70.0,4,2,15
32.0,4,2,16
57.0,4,2,17
49.0,4,2,18
20.0,4,2,19
77.0,4,2,20
75.0,4,2,21
310.0,4,2,22
334.0,4,2,23
187.0,4,3,0
194.0,4,3,1
208.0,4,3,2
225.0,4,3,3
264.0,4,3,4
240.0,4,3,5
230.0,4,3,6
238.0,4,3,7
233.0,4,3,8
284.0,4,3,9
250.0,4,3,10
253.0,4,3,11
217.0,4,3,12
253.0,4,3,13
53.0,4,3,14
49.0,4,3,15
80.0,4,3,16
66.0,4,3,17
71.0,4,3,18
37.0,4,3,19
29.0,4,3,20
292.0,4,3,21
27.0,4,3,22
37.0,4,3,23
66.0,4,4,0
343.0,4,4,1
30.0,4,4,2
330.0,4,4,3
310.0,4,4,4
264.0,4,4,5
262.0,4,4,6
271.0,4,4,7
260.0,4,4,8
274.0,4,4,9
268.0,4,4,10
254.0,4,4,11
251.0,4,4,12
250.0,4,4,13
246.0,4,4,14
351.0,4,4,15
42.0,4,4,16
23.0,4,4,17
19.0,4,4,18
16.0,4,4,19
58.0,4,4,20
323.0,4,4,21
8.0,4,4,22
2.0,4,4,23
349.0,4,5,0
35.0,4,5,1
334.0,4,5,2
319.0,4,5,3
300.0,4,5,4
345.0,4,5,5
332.0,4,5,6
315.0,4,5,7
282.0,4,5,8
246.0,4,5,9
246.0,4,5,10
240.0,4,5,11
238.0,4,5,12
265.0,4,5,13
88.0,4,5,14
117.0,4,5,15
88.0,4,5,16
67.0,4,5,17
75.0,4,5,18
29.0,4,5,19
50.0,4,5,20
3.0,4,5,21
82.0,4,5,22
55.0,4,5,23
358.0,4,6,0
302.0,4,6,1
267.0,4,6,2
339.0,4,6,3
250.0,4,6,4
246.0,4,6,5
234.0,4,6,6
273.0,4,6,7
240.0,4,6,8
237.0,4,6,9
295.0,4,6,10
237.0,4,6,11
234.0,4,6,12
252.0,4,6,13
120.0,4,6,14
87.0,4,6,15
73.0,4,6,16
35.0,4,6,17
31.0,4,6,18
354.0,4,6,19
51.0,4,6,20
292.0,4,6,21
350.0,4,6,22
19.0,4,6,23
353.0,4,7,0
339.0,4,7,1
28.0,4,7,2
35.0,4,7,3
313.0,4,7,4
248.0,4,7,5
235.0,4,7,6
225.0,4,7,7
225.0,4,7,8
229.0,4,7,9
236.0,4,7,10
243.0,4,7,11
250.0,4,7,12
228.0,4,7,13
84.0,4,7,14
93.0,4,7,15
59.0,4,7,16
3.0,4,7,17
28.0,4,7,18
6.0,4,7,19
30.0,4,7,20
13.0,4,7,21
344.0,4,7,22
3.0,4,7,23
340.0,4,8,0
346.0,4,8,1
349.0,4,8,2
317.0,4,8,3
262.0,4,8,4
264.0,4,8,5
248.0,4,8,6
196.0,4,8,7
227.0,4,8,8
266.0,4,8,9
224.0,4,8,10
222.0,4,8,11
250.0,4,8,12
221.0,4,8,13
72.0,4,8,14
24.0,4,8,15
88.0,4,8,16
96.0,4,8,17
55.0,4,8,18
119.0,4,8,19
29.0,4,8,20
80.0,4,8,21
200.0,4,8,22
206.0,4,8,23
218.0,4,9,0
233.0,4,9,1
220.0,4,9,2
248.0,4,9,3
199.0,4,9,4
224.0,4,9,5
253.0,4,9,6
230.0,4,9,7
242.0,4,9,8
236.0,4,9,9
228.0,4,9,10
247.0,4,9,11
247.0,4,9,12
235.0,4,9,13
68.0,4,9,14
75.0,4,9,15
87.0,4,9,16
66.0,4,9,17
106.0,4,9,18
82.0,4,9,19
51.0,4,9,20
40.0,4,9,21
62.0,4,9,22
21.0,4,9,23
11.0,4,10,0
7.0,4,10,1
315.0,4,10,2
148.0,4,10,3
262.0,4,10,4
285.0,4,10,5
278.0,4,10,6
249.0,4,10,7
217.0,4,10,8
231.0,4,10,9
233.0,4,10,10
237.0,4,10,11
243.0,4,10,12
248.0,4,10,13
84.0,4,10,14
88.0,4,10,15
50.0,4,10,16
68.0,4,10,17
56.0,4,10,18
105.0,4,10,19
77.0,4,10,20
85.0,4,10,21
17.0,4,10,22
194.0,4,10,23
215.0,4,11,0
23.0,4,11,1
358.0,4,11,2
350.0,4,11,3
330.0,4,11,4
310.0,4,11,5
331.0,4,11,6
335.0,4,11,7
86.0,4,11,8
241.0,4,11,9
185.0,4,11,10
251.0,4,11,11
307.0,4,11,12
155.0,4,11,13
134.0,4,11,14
58.0,4,11,15
40.0,4,11,16
86.0,4,11,17
29.0,4,11,18
84.0,4,11,19
36.0,4,11,20
25.0,4,11,21
331.0,4,11,22
262.0,4,11,23
260.0,4,12,0
233.0,4,12,1
239.0,4,12,2
249.0,4,12,3
259.0,4,12,4
244.0,4,12,5
266.0,4,12,6
237.0,4,12,7
243.0,4,12,8
231.0,4,12,9
210.0,4,12,10
251.0,4,12,11
261.0,4,12,12
250.0,4,12,13
96.0,4,12,14
26.0,4,12,15
61.0,4,12,16
61.0,4,12,17
130.0,4,12,18
64.0,4,12,19
130.0,4,12,20
171.0,4,12,21
210.0,4,12,22
187.0,4,12,23
206.0,4,13,0
204.0,4,13,1
197.0,4,13,2
284.0,4,13,3
239.0,4,13,4
228.0,4,13,5
349.0,4,13,6
239.0,4,13,7
205.0,4,13,8
244.0,4,13,9
231.0,4,13,10
225.0,4,13,11
250.0,4,13,12
238.0,4,13,13
93.0,4,13,14
78.0,4,13,15
89.0,4,13,16
83.0,4,13,17
55.0,4,13,18
308.0,4,13,19
98.0,4,13,20
189.0,4,13,21
182.0,4,13,22
194.0,4,13,23
177.0,4,14,0
197.0,4,14,1
276.0,4,14,2
303.0,4,14,3
191.0,4,14,4
257.0,4,14,5
243.0,4,14,6
220.0,4,14,7
209.0,4,14,8
210.0,4,14,9
264.0,4,14,10
255.0,4,14,11
265.0,4,14,12
301.0,4,14,13
80.0,4,14,14
72.0,4,14,15
25.0,4,14,16
23.0,4,14,17
208.0,4,14,18
200.0,4,14,19
190.0,4,14,20
177.0,4,14,21
192.0,4,14,22
199.0,4,14,23
188.0,4,15,0
216.0,4,15,1
221.0,4,15,2
55.0,4,15,3
222.0,4,15,4
211.0,4,15,5
163.0,4,15,6
201.0,4,15,7
170.0,4,15,8
190.0,4,15,9
281.0,4,15,10
224.0,4,15,11
245.0,4,15,12
221.0,4,15,13
82.0,4,15,14
33.0,4,15,15
53.0,4,15,16
58.0,4,15,17
347.0,4,15,18
215.0,4,15,19
189.0,4,15,20
185.0,4,15,21
181.0,4,15,22
182.0,4,15,23
204.0,4,16,0
232.0,4,16,1
29.0,4,16,2
238.0,4,16,3
212.0,4,16,4
226.0,4,16,5
225.0,4,16,6
175.0,4,16,7
254.0,4,16,8
234.0,4,16,9
236.0,4,16,10
244.0,4,16,11
244.0,4,16,12
220.0,4,16,13
19.0,4,16,14
15.0,4,16,15
52.0,4,16,16
52.0,4,16,17
41.0,4,16,18
39.0,4,16,19
31.0,4,16,20
169.0,4,16,21
205.0,4,16,22
203.0,4,16,23
212.0,4,17,0
219.0,4,17,1
221.0,4,17,2
193.0,4,17,3
223.0,4,17,4
244.0,4,17,5
229.0,4,17,6
231.0,4,17,7
234.0,4,17,8
236.0,4,17,9
250.0,4,17,10
224.0,4,17,11
238.0,4,17,12
250.0,4,17,13
116.0,4,17,14
80.0,4,17,15
46.0,4,17,16
31.0,4,17,17
46.0,4,17,18
359.0,4,17,19
72.0,4,17,20
279.0,4,17,21
40.0,4,17,22
46.0,4,17,23
270.0,4,18,0
4.0,4,18,1
248.0,4,18,2
-99.0,4,18,3
240.0,4,18,4
233.0,4,18,5
228.0,4,18,6
227.0,4,18,7
243.0,4,18,8
230.0,4,18,9
254.0,4,18,10
250.0,4,18,11
246.0,4,18,12
223.0,4,18,13
12.0,4,18,14
346.0,4,18,15
12.0,4,18,16
279.0,4,18,17
356.0,4,18,18
327.0,4,18,19
205.0,4,18,20
212.0,4,18,21
183.0,4,18,22
185.0,4,18,23
208.0,4,19,0
212.0,4,19,1
216.0,4,19,2
256.0,4,19,3
249.0,4,19,4
207.0,4,19,5
236.0,4,19,6
267.0,4,19,7
308.0,4,19,8
200.0,4,19,9
209.0,4,19,10
223.0,4,19,11
322.0,4,19,12
258.0,4,19,13
76.0,4,19,14
5.0,4,19,15
73.0,4,19,16
26.0,4,19,17
86.0,4,19,18
144.0,4,19,19
69.0,4,19,20
90.0,4,19,21
187.0,4,19,22
200.0,4,19,23
190.0,4,20,0
203.0,4,20,1
202.0,4,20,2
240.0,4,20,3
238.0,4,20,4
242.0,4,20,5
232.0,4,20,6
209.0,4,20,7
252.0,4,20,8
251.0,4,20,9
221.0,4,20,10
267.0,4,20,11
249.0,4,20,12
224.0,4,20,13
351.0,4,20,14
0.0,4,20,15
65.0,4,20,16
56.0,4,20,17
76.0,4,20,18
174.0,4,20,19
172.0,4,20,20
251.0,4,20,21
186.0,4,20,22
199.0,4,20,23
205.0,4,21,0
215.0,4,21,1
212.0,4,21,2
192.0,4,21,3
283.0,4,21,4
243.0,4,21,5
235.0,4,21,6
234.0,4,21,7
225.0,4,21,8
251.0,4,21,9
242.0,4,21,10
229.0,4,21,11
197.0,4,21,12
180.0,4,21,13
82.0,4,21,14
99.0,4,21,15
92.0,4,21,16
63.0,4,21,17
93.0,4,21,18
122.0,4,21,19
144.0,4,21,20
183.0,4,21,21
29.0,4,21,22
213.0,4,21,23
201.0,4,22,0
352.0,4,22,1
327.0,4,22,2
340.0,4,22,3
256.0,4,22,4
246.0,4,22,5
211.0,4,22,6
225.0,4,22,7
171.0,4,22,8
207.0,4,22,9
287.0,4,22,10
242.0,4,22,11
235.0,4,22,12
340.0,4,22,13
309.0,4,22,14
324.0,4,22,15
40.0,4,22,16
82.0,4,22,17
23.0,4,22,18
68.0,4,22,19
69.0,4,22,20
258.0,4,22,21
301.0,4,22,22
345.0,4,22,23
294.0,4,23,0
343.0,4,23,1
277.0,4,23,2
277.0,4,23,3
245.0,4,23,4
236.0,4,23,5
155.0,4,23,6
247.0,4,23,7
237.0,4,23,8
234.0,4,23,9
238.0,4,23,10
231.0,4,23,11
342.0,4,23,12
317.0,4,23,13
359.0,4,23,14
41.0,4,23,15
42.0,4,23,16
35.0,4,23,17
55.0,4,23,18
94.0,4,23,19
86.0,4,23,20
159.0,4,23,21
180.0,4,23,22
171.0,4,23,23
194.0,4,24,0
205.0,4,24,1
232.0,4,24,2
73.0,4,24,3
253.0,4,24,4
220.0,4,24,5
242.0,4,24,6
294.0,4,24,7
158.0,4,24,8
256.0,4,24,9
239.0,4,24,10
220.0,4,24,11
262.0,4,24,12
313.0,4,24,13
11.0,4,24,14
34.0,4,24,15
154.0,4,24,16
138.0,4,24,17
181.0,4,24,18
175.0,4,24,19
143.0,4,24,20
168.0,4,24,21
179.0,4,24,22
194.0,4,24,23
193.0,4,25,0
201.0,4,25,1
210.0,4,25,2
350.0,4,25,3
255.0,4,25,4
2.0,4,25,5
175.0,4,25,6
193.0,4,25,7
244.0,4,25,8
241.0,4,25,9
224.0,4,25,10
231.0,4,25,11
232.0,4,25,12
229.0,4,25,13
78.0,4,25,14
95.0,4,25,15
87.0,4,25,16
89.0,4,25,17
135.0,4,25,18
163.0,4,25,19
164.0,4,25,20
150.0,4,25,21
190.0,4,25,22
180.0,4,25,23
200.0,4,26,0
209.0,4,26,1
202.0,4,26,2
201.0,4,26,3
263.0,4,26,4
238.0,4,26,5
242.0,4,26,6
240.0,4,26,7
241.0,4,26,8
210.0,4,26,9
234.0,4,26,10
228.0,4,26,11
226.0,4,26,12
260.0,4,26,13
46.0,4,26,14
61.0,4,26,15
75.0,4,26,16
253.0,4,26,17
202.0,4,26,18
206.0,4,26,19
201.0,4,26,20
192.0,4,26,21
188.0,4,26,22
200.0,4,26,23
202.0,4,27,0
198.0,4,27,1
231.0,4,27,2
233.0,4,27,3
230.0,4,27,4
217.0,4,27,5
278.0,4,27,6
328.0,4,27,7
212.0,4,27,8
221.0,4,27,9
144.0,4,27,10
220.0,4,27,11
243.0,4,27,12
273.0,4,27,13
107.0,4,27,14
352.0,4,27,15
45.0,4,27,16
38.0,4,27,17
81.0,4,27,18
108.0,4,27,19
194.0,4,27,20
182.0,4,27,21
184.0,4,27,22
209.0,4,27,23
187.0,4,28,0
186.0,4,28,1
260.0,4,28,2
227.0,4,28,3
238.0,4,28,4
231.0,4,28,5
239.0,4,28,6
233.0,4,28,7
246.0,4,28,8
224.0,4,28,9
226.0,4,28,10
302.0,4,28,11
235.0,4,28,12
246.0,4,28,13
98.0,4,28,14
314.0,4,28,15
36.0,4,28,16
95.0,4,28,17
62.0,4,28,18
76.0,4,28,19
117.0,4,28,20
300.0,4,28,21
155.0,4,28,22
224.0,4,28,23
208.0,4,29,0
21.0,4,29,1
330.0,4,29,2
343.0,4,29,3
141.0,4,29,4
163.0,4,29,5
251.0,4,29,6
214.0,4,29,7
223.0,4,29,8
148.0,4,29,9
174.0,4,29,10
309.0,4,29,11
265.0,4,29,12
256.0,4,29,13
303.0,4,29,14
343.0,4,29,15
333.0,4,29,16
74.0,4,29,17
83.0,4,29,18
178.0,4,29,19
335.0,4,29,20
349.0,4,29,21
25.0,4,29,22
23.0,4,29,23
92.0,4,30,0
282.0,4,30,1
272.0,4,30,2
228.0,4,30,3
213.0,4,30,4
285.0,4,30,5
12.0,4,30,6
266.0,4,30,7
8.0,4,30,8
352.0,4,30,9
356.0,4,30,10
82.0,4,30,11
149.0,4,30,12
293.0,4,30,13
198.0,4,30,14
353.0,4,30,15
66.0,4,30,16
56.0,4,30,17
103.0,4,30,18
28.0,4,30,19
352.0,4,30,20
5.0,4,30,21
134.0,4,30,22
53.0,4,30,23
