4.5,6,1,0
3.5,6,1,1
5.0,6,1,2
4.2,6,1,3
2.2,6,1,4
3.6,6,1,5
4.2,6,1,6
3.7,6,1,7
3.3,6,1,8
3.5,6,1,9
2.9,6,1,10
2.2,6,1,11
3.5,6,1,12
2.5,6,1,13
4.7,6,1,14
6.7,6,1,15
5.8,6,1,16
6.7,6,1,17
6.5,6,1,18
3.8,6,1,19
7.5,6,1,20
4.1,6,1,21
4.1,6,1,22
7.9,6,1,23
7.5,6,2,0
10.6,6,2,1
5.9,6,2,2
4.9,6,2,3
2.9,6,2,4
4.4,6,2,5
5.1,6,2,6
4.2,6,2,7
3.3,6,2,8
6.2,6,2,9
4.0,6,2,10
3.4,6,2,11
2.0,6,2,12
1.5,6,2,13
3.5,6,2,14
4.6,6,2,15
5.7,6,2,16
6.7,6,2,17
6.6,6,2,18
6.6,6,2,19
6.1,6,2,20
4.6,6,2,21
6.1,6,2,22
8.5,6,2,23
6.1,6,3,0
10.5,6,3,1
16.2,6,3,2
8.5,6,3,3
10.5,6,3,4
7.7,6,3,5
5.7,6,3,6
6.1,6,3,7
3.2,6,3,8
6.4,6,3,9
4.5,6,3,10
2.7,6,3,11
4.8,6,3,12
3.3,6,3,13
1.5,6,3,14
2.4,6,3,15
4.6,6,3,16
6.2,6,3,17
7.2,6,3,18
4.5,6,3,19
6.3,6,3,20
8.8,6,3,21
5.8,6,3,22
4.4,6,3,23
6.5,6,4,0
8.8,6,4,1
1.7,6,4,2
2.8,6,4,3
5.4,6,4,4
4.3,6,4,5
5.7,6,4,6
4.1,6,4,7
3.6,6,4,8
3.8,6,4,9
3.4,6,4,10
4.1,6,4,11
4.7,6,4,12
3.9,6,4,13
3.1,6,4,14
5.3,6,4,15
3.9,6,4,16
5.5,6,4,17
5.9,6,4,18
7.8,6,4,19
5.9,6,4,20
10.6,6,4,21
7.7,6,4,22
7.9,6,4,23
5.9,6,5,0
3.5,6,5,1
3.2,6,5,2
8.4,6,5,3
11.4,6,5,4
4.5,6,5,5
5.8,6,5,6
4.6,6,5,7
3.2,6,5,8
5.3,6,5,9
3.9,6,5,10
2.6,6,5,11
5.0,6,5,12
2.2,6,5,13
1.7,6,5,14
3.7,6,5,15
8.0,6,5,16
6.2,6,5,17
3.4,6,5,18
5.9,6,5,19
4.1,6,5,20
5.5,6,5,21
3.3,6,5,22
2.6,6,5,23
7.1,6,6,0
2.3,6,6,1
3.8,6,6,2
7.6,6,6,3
2.3,6,6,4
2.9,6,6,5
4.2,6,6,6
2.9,6,6,7
2.8,6,6,8
1.7,6,6,9
2.1,6,6,10
2.8,6,6,11
3.3,6,6,12
3.5,6,6,13
2.7,6,6,14
4.3,6,6,15
6.7,6,6,16
6.0,6,6,17
3.9,6,6,18
8.7,6,6,19
10.7,6,6,20
7.2,6,6,21
10.3,6,6,22
4.5,6,6,23
2.7,6,7,0
5.9,6,7,1
4.9,6,7,2
5.3,6,7,3
3.9,6,7,4
3.9,6,7,5
2.3,6,7,6
2.8,6,7,7
3.9,6,7,8
3.2,6,7,9
4.3,6,7,10
1.8,6,7,11
1.2,6,7,12
1.8,6,7,13
3.4,6,7,14
2.6,6,7,15
4.4,6,7,16
5.5,6,7,17
7.2,6,7,18
5.7,6,7,19
6.4,6,7,20
6.6,6,7,21
7.0,6,7,22
8.9,6,7,23
4.5,6,8,0
7.6,6,8,1
5.2,6,8,2
4.5,6,8,3
5.1,6,8,4
7.4,6,8,5
5.1,6,8,6
6.9,6,8,7
6.2,6,8,8
5.1,6,8,9
5.2,6,8,10
3.7,6,8,11
2.4,6,8,12
3.0,6,8,13
5.2,6,8,14
6.6,6,8,15
8.1,6,8,16
7.8,6,8,17
10.2,6,8,18
8.8,6,8,19
11.7,6,8,20
11.4,6,8,21
11.0,6,8,22
9.2,6,8,23
8.0,6,9,0
9.5,6,9,1
8.3,6,9,2
7.8,6,9,3
4.8,6,9,4
5.9,6,9,5
3.8,6,9,6
4.2,6,9,7
5.1,6,9,8
4.7,6,9,9
5.3,6,9,10
7.0,6,9,11
6.2,6,9,12
1.3,6,9,13
4.7,6,9,14
6.2,6,9,15
7.4,6,9,16
8.6,6,9,17
7.1,6,9,18
6.4,6,9,19
5.7,6,9,20
8.9,6,9,21
9.8,6,9,22
5.8,6,9,23
10.4,6,10,0
9.7,6,10,1
5.2,6,10,2
5.4,6,10,3
2.5,6,10,4
7.0,6,10,5
5.2,6,10,6
3.7,6,10,7
2.3,6,10,8
4.4,6,10,9
4.4,6,10,10
7.2,6,10,11
3.4,6,10,12
2.7,6,10,13
5.0,6,10,14
4.3,6,10,15
6.3,6,10,16
6.7,6,10,17
5.3,6,10,18
7.4,6,10,19
9.1,6,10,20
8.3,6,10,21
6.5,6,10,22
5.1,6,10,23
9.4,6,11,0
7.5,6,11,1
2.5,6,11,2
9.5,6,11,3
10.5,6,11,4
8.2,6,11,5
6.3,6,11,6
5.4,6,11,7
4.4,6,11,8
3.6,6,11,9
5.1,6,11,10
5.8,6,11,11
6.0,6,11,12
3.2,6,11,13
3.7,6,11,14
4.2,6,11,15
7.5,6,11,16
6.8,6,11,17
6.4,6,11,18
7.2,6,11,19
10.4,6,11,20
6.9,6,11,21
7.7,6,11,22
11.9,6,11,23
6.6,6,12,0
10.0,6,12,1
2.7,6,12,2
2.0,6,12,3
2.7,6,12,4
1.8,6,12,5
5.2,6,12,6
2.3,6,12,7
3.1,6,12,8
6.4,6,12,9
6.5,6,12,10
5.6,6,12,11
5.0,6,12,12
2.2,6,12,13
5.3,6,12,14
7.1,6,12,15
7.5,6,12,16
9.3,6,12,17
6.8,6,12,18
6.3,6,12,19
9.7,6,12,20
8.6,6,12,21
6.7,6,12,22
9.5,6,12,23
14.1,6,13,0
7.9,6,13,1
4.9,6,13,2
8.1,6,13,3
5.7,6,13,4
3.7,6,13,5
3.6,6,13,6
5.7,6,13,7
4.7,6,13,8
5.1,6,13,9
2.9,6,13,10
5.0,6,13,11
4.9,6,13,12
2.6,6,13,13
2.6,6,13,14
5.8,6,13,15
7.7,6,13,16
5.5,6,13,17
5.7,6,13,18
8.1,6,13,19
7.3,6,13,20
3.2,6,13,21
9.6,6,13,22
11.0,6,13,23
7.8,6,14,0
6.8,6,14,1
5.1,6,14,2
9.4,6,14,3
5.2,6,14,4
10.5,6,14,5
2.8,6,14,6
4.8,6,14,7
6.3,6,14,8
4.3,6,14,9
1.8,6,14,10
3.9,6,14,11
3.7,6,14,12
1.5,6,14,13
3.4,6,14,14
6.8,6,14,15
8.9,6,14,16
13.3,6,14,17
9.0,6,14,18
8.7,6,14,19
4.9,6,14,20
8.3,6,14,21
7.3,6,14,22
12.5,6,14,23
12.3,6,15,0
9.7,6,15,1
5.5,6,15,2
4.3,6,15,3
2.3,6,15,4
6.1,6,15,5
2.0,6,15,6
6.2,6,15,7
4.6,6,15,8
3.1,6,15,9
3.9,6,15,10
3.6,6,15,11
4.6,6,15,12
3.5,6,15,13
6.2,6,15,14
4.8,6,15,15
5.5,6,15,16
4.7,6,15,17
16.8,6,15,18
17.4,6,15,19
5.0,6,15,20
9.4,6,15,21
3.9,6,15,22
5.6,6,15,23
10.5,6,16,0
9.0,6,16,1
7.5,6,16,2
4.7,6,16,3
3.2,6,16,4
2.4,6,16,5
2.0,6,16,6
1.4,6,16,7
3.5,6,16,8
2.3,6,16,9
2.4,6,16,10
2.2,6,16,11
4.5,6,16,12
3.5,6,16,13
3.0,6,16,14
6.4,6,16,15
4.5,6,16,16
9.3,6,16,17
7.5,6,16,18
9.4,6,16,19
8.6,6,16,20
7.5,6,16,21
13.8,6,16,22
5.0,6,16,23
4.6,6,17,0
5.4,6,17,1
7.3,6,17,2
6.8,6,17,3
3.8,6,17,4
2.4,6,17,5
1.6,6,17,6
3.1,6,17,7
4.2,6,17,8
5.5,6,17,9
5.6,6,17,10
2.9,6,17,11
2.4,6,17,12
2.9,6,17,13
4.4,6,17,14
5.8,6,17,15
6.4,6,17,16
8.6,6,17,17
9.2,6,17,18
5.7,6,17,19
4.6,6,17,20
7.2,6,17,21
13.6,6,17,22
10.4,6,17,23
8.6,6,18,0
11.1,6,18,1
8.6,6,18,2
3.8,6,18,3
8.5,6,18,4
6.6,6,18,5
6.5,6,18,6
5.4,6,18,7
4.4,6,18,8
4.2,6,18,9
2.6,6,18,10
2.9,6,18,11
2.9,6,18,12
3.2,6,18,13
4.7,6,18,14
1.4,6,18,15
2.9,6,18,16
7.0,6,18,17
3.4,6,18,18
5.6,6,18,19
10.6,6,18,20
6.8,6,18,21
6.3,6,18,22
5.4,6,18,23
9.2,6,19,0
3.5,6,19,1
6.8,6,19,2
4.0,6,19,3
5.9,6,19,4
6.2,6,19,5
6.2,6,19,6
6.4,6,19,7
5.6,6,19,8
3.2,6,19,9
3.6,6,19,10
1.2,6,19,11
3.6,6,19,12
3.9,6,19,13
5.8,6,19,14
5.4,6,19,15
8.3,6,19,16
9.8,6,19,17
13.5,6,19,18
8.7,6,19,19
12.4,6,19,20
15.8,6,19,21
14.3,6,19,22
11.8,6,19,23
9.2,6,20,0
8.7,6,20,1
7.9,6,20,2
8.3,6,20,3
5.8,6,20,4
8.3,6,20,5
4.6,6,20,6
1.8,6,20,7
3.1,6,20,8
2.9,6,20,9
2.4,6,20,10
5.0,6,20,11
3.6,6,20,12
5.8,6,20,13
2.6,6,20,14
6.0,6,20,15
3.6,6,20,16
7.2,6,20,17
5.2,6,20,18
8.8,6,20,19
8.8,6,20,20
4.6,6,20,21
6.4,6,20,22
3.7,6,20,23
13.2,6,21,0
4.1,6,21,1
3.0,6,21,2
3.1,6,21,3
3.4,6,21,4
3.9,6,21,5
5.2,6,21,6
4.8,6,21,7
4.3,6,21,8
2.5,6,21,9
3.7,6,21,10
1.5,6,21,11
-99.0,6,21,12
-99.0,6,21,13
3.6,6,21,14
3.2,6,21,15
8.4,6,21,16
9.2,6,21,17
-99.0,6,21,18
-99.0,6,21,19
-99.0,6,21,20
-99.0,6,21,21
-99.0,6,21,22
5.0,6,21,23
4.5,6,22,0
-99.0,6,22,1
-99.0,6,22,2
3.9,6,22,3
3.2,6,22,4
2.7,6,22,5
5.8,6,22,6
-99.0,6,22,7
-99.0,6,22,8
-99.0,6,22,9
-99.0,6,22,10
-99.0,6,22,11
-99.0,6,22,12
-99.0,6,22,13
-99.0,6,22,14
-99.0,6,22,15
-99.0,6,22,16
-99.0,6,22,17
-99.0,6,22,18
-99.0,6,22,19
-99.0,6,22,20
-99.0,6,22,21
-99.0,6,22,22
5.0,6,22,23
-99.0,6,23,0
-99.0,6,23,1
-99.0,6,23,2
-99.0,6,23,3
3.9,6,23,4
6.6,6,23,5
9.0,6,23,6
2.8,6,23,7
3.6,6,23,8
-99.0,6,23,9
2.6,6,23,10
5.9,6,23,11
3.7,6,23,12
-99.0,6,23,13
6.7,6,23,14
-99.0,6,23,15
-99.0,6,23,16
-99.0,6,23,17
5.7,6,23,18
-99.0,6,23,19
-99.0,6,23,20
6.0,6,23,21
-99.0,6,23,22
9.6,6,23,23
2.8,6,24,0
6.5,6,24,1
6.6,6,24,2
6.5,6,24,3
2.2,6,24,4
-99.0,6,24,5
-99.0,6,24,6
-99.0,6,24,7
2.5,6,24,8
2.0,6,24,9
2.3,6,24,10
1.4,6,24,11
4.5,6,24,12
1.8,6,24,13
2.1,6,24,14
3.8,6,24,15
5.2,6,24,16
6.6,6,24,17
6.8,6,24,18
-99.0,6,24,19
-99.0,6,24,20
4.7,6,24,21
5.3,6,24,22
6.0,6,24,23
2.8,6,25,0
16.4,6,25,1
14.9,6,25,2
13.3,6,25,3
4.2,6,25,4
5.9,6,25,5
2.2,6,25,6
2.8,6,25,7
3.3,6,25,8
4.0,6,25,9
2.9,6,25,10
1.8,6,25,11
2.4,6,25,12
2.0,6,25,13
3.4,6,25,14
3.5,6,25,15
6.4,6,25,16
6.4,6,25,17
7.5,6,25,18
12.0,6,25,19
11.2,6,25,20
16.8,6,25,21
6.6,6,25,22
6.9,6,25,23
6.6,6,26,0
2.7,6,26,1
5.7,6,26,2
4.8,6,26,3
2.2,6,26,4
2.6,6,26,5
1.7,6,26,6
3.7,6,26,7
4.5,6,26,8
3.0,6,26,9
4.2,6,26,10
1.6,6,26,11
2.1,6,26,12
3.8,6,26,13
3.4,6,26,14
4.6,6,26,15
5.3,6,26,16
6.5,6,26,17
8.8,6,26,18
6.1,6,26,19
6.7,6,26,20
4.2,6,26,21
10.3,6,26,22
8.7,6,26,23
9.4,6,27,0
16.2,6,27,1
18.7,6,27,2
6.2,6,27,3
2.8,6,27,4
3.9,6,27,5
6.9,6,27,6
3.4,6,27,7
4.2,6,27,8
7.8,6,27,9
5.0,6,27,10
4.3,6,27,11
4.0,6,27,12
2.9,6,27,13
2.5,6,27,14
2.2,6,27,15
2.6,6,27,16
5.2,6,27,17
6.4,6,27,18
7.4,6,27,19
7.1,6,27,20
8.3,6,27,21
3.1,6,27,22
12.8,6,27,23
7.1,6,28,0
11.4,6,28,1
9.7,6,28,2
8.4,6,28,3
5.2,6,28,4
5.0,6,28,5
4.8,6,28,6
2.8,6,28,7
4.5,6,28,8
2.1,6,28,9
2.6,6,28,10
3.9,6,28,11
2.3,6,28,12
1.3,6,28,13
3.4,6,28,14
5.3,6,28,15
6.0,6,28,16
6.4,6,28,17
2.8,6,28,18
14.3,6,28,19
7.5,6,28,20
6.2,6,28,21
2.5,6,28,22
3.0,6,28,23
6.7,6,29,0
2.4,6,29,1
1.9,6,29,2
2.2,6,29,3
2.5,6,29,4
2.4,6,29,5
3.3,6,29,6
3.0,6,29,7
4.3,6,29,8
2.0,6,29,9
2.8,6,29,10
5.1,6,29,11
2.4,6,29,12
2.6,6,29,13
4.3,6,29,14
6.3,6,29,15
5.6,6,29,16
4.4,6,29,17
5.3,6,29,18
7.2,6,29,19
8.0,6,29,20
13.3,6,29,21
6.0,6,29,22
7.6,6,29,23
4.1,6,30,0
5.7,6,30,1
3.6,6,30,2
1.8,6,30,3
1.8,6,30,4
2.9,6,30,5
1.8,6,30,6
3.2,6,30,7
2.4,6,30,8
1.2,6,30,9
1.8,6,30,10
2.6,6,30,11
1.3,6,30,12
3.5,6,30,13
4.0,6,30,14
4.6,6,30,15
4.5,6,30,16
4.5,6,30,17
5.7,6,30,18
4.9,6,30,19
6.2,6,30,20
6.2,6,30,21
9.1,6,30,22
2.4,6,30,23
