9.0,1,1,0
0.0,1,1,1
0.0,1,1,2
0.0,1,1,3
0.0,1,1,4
0.0,1,1,5
0.0,1,1,6
0.0,1,1,7
0.0,1,1,8
0.0,1,1,9
-99.0,1,1,10
0.0,1,1,11
0.0,1,1,12
0.0,1,1,13
30.0,1,1,14
78.0,1,1,15
524.0,1,1,16
684.0,1,1,17
780.0,1,1,18
744.0,1,1,19
526.0,1,1,20
608.0,1,1,21
427.0,1,1,22
210.0,1,1,23
5.0,1,2,0
0.0,1,2,1
0.0,1,2,2
0.0,1,2,3
0.0,1,2,4
0.0,1,2,5
0.0,1,2,6
0.0,1,2,7
0.0,1,2,8
0.0,1,2,9
0.0,1,2,10
0.0,1,2,11
0.0,1,2,12
0.0,1,2,13
38.0,1,2,14
92.0,1,2,15
509.0,1,2,16
657.0,1,2,17
755.0,1,2,18
784.0,1,2,19
733.0,1,2,20
611.0,1,2,21
72.0,1,2,22
72.0,1,2,23
11.0,1,3,0
0.0,1,3,1
0.0,1,3,2
0.0,1,3,3
0.0,1,3,4
0.0,1,3,5
0.0,1,3,6
0.0,1,3,7
0.0,1,3,8
0.0,1,3,9
0.0,1,3,10
0.0,1,3,11
0.0,1,3,12
0.0,1,3,13
21.0,1,3,14
72.0,1,3,15
553.0,1,3,16
431.0,1,3,17
602.0,1,3,18
448.0,1,3,19
780.0,1,3,20
427.0,1,3,21
286.0,1,3,22
219.0,1,3,23
21.0,1,4,0
0.0,1,4,1
0.0,1,4,2
0.0,1,4,3
0.0,1,4,4
0.0,1,4,5
0.0,1,4,6
0.0,1,4,7
0.0,1,4,8
0.0,1,4,9
0.0,1,4,10
0.0,1,4,11
0.0,1,4,12
0.0,1,4,13
50.0,1,4,14
178.0,1,4,15
276.0,1,4,16
526.0,1,4,17
542.0,1,4,18
625.0,1,4,19
537.0,1,4,20
519.0,1,4,21
480.0,1,4,22
158.0,1,4,23
7.0,1,5,0
0.0,1,5,1
0.0,1,5,2
0.0,1,5,3
0.0,1,5,4
0.0,1,5,5
0.0,1,5,6
0.0,1,5,7
0.0,1,5,8
0.0,1,5,9
0.0,1,5,10
0.0,1,5,11
0.0,1,5,12
0.0,1,5,13
51.0,1,5,14
197.0,1,5,15
516.0,1,5,16
388.0,1,5,17
484.0,1,5,18
427.0,1,5,19
271.0,1,5,20
108.0,1,5,21
76.0,1,5,22
71.0,1,5,23
16.0,1,6,0
0.0,1,6,1
0.0,1,6,2
0.0,1,6,3
0.0,1,6,4
0.0,1,6,5
0.0,1,6,6
0.0,1,6,7
0.0,1,6,8
0.0,1,6,9
0.0,1,6,10
0.0,1,6,11
0.0,1,6,12
0.0,1,6,13
46.0,1,6,14
91.0,1,6,15
533.0,1,6,16
653.0,1,6,17
452.0,1,6,18
458.0,1,6,19
446.0,1,6,20
300.0,1,6,21
403.0,1,6,22
96.0,1,6,23
16.0,1,7,0
0.0,1,7,1
0.0,1,7,2
0.0,1,7,3
0.0,1,7,4
0.0,1,7,5
0.0,1,7,6
0.0,1,7,7
0.0,1,7,8
0.0,1,7,9
0.0,1,7,10
0.0,1,7,11
0.0,1,7,12
0.0,1,7,13
70.0,1,7,14
76.0,1,7,15
532.0,1,7,16
678.0,1,7,17
768.0,1,7,18
779.0,1,7,19
738.0,1,7,20
621.0,1,7,21
443.0,1,7,22
223.0,1,7,23
7.0,1,8,0
0.0,1,8,1
0.0,1,8,2
0.0,1,8,3
0.0,1,8,4
0.0,1,8,5
0.0,1,8,6
0.0,1,8,7
0.0,1,8,8
0.0,1,8,9
0.0,1,8,10
0.0,1,8,11
0.0,1,8,12
0.0,1,8,13
53.0,1,8,14
169.0,1,8,15
431.0,1,8,16
683.0,1,8,17
748.0,1,8,18
665.0,1,8,19
590.0,1,8,20
507.0,1,8,21
346.0,1,8,22
197.0,1,8,23
20.0,1,9,0
0.0,1,9,1
0.0,1,9,2
0.0,1,9,3
0.0,1,9,4
0.0,1,9,5
0.0,1,9,6
0.0,1,9,7
0.0,1,9,8
0.0,1,9,9
0.0,1,9,10
0.0,1,9,11
0.0,1,9,12
0.0,1,9,13
40.0,1,9,14
135.0,1,9,15
348.0,1,9,16
709.0,1,9,17
786.0,1,9,18
790.0,1,9,19
744.0,1,9,20
623.0,1,9,21
453.0,1,9,22
229.0,1,9,23
10.0,1,10,0
0.0,1,10,1
0.0,1,10,2
0.0,1,10,3
0.0,1,10,4
0.0,1,10,5
0.0,1,10,6
0.0,1,10,7
0.0,1,10,8
0.0,1,10,9
0.0,1,10,10
0.0,1,10,11
0.0,1,10,12
0.0,1,10,13
30.0,1,10,14
94.0,1,10,15
314.0,1,10,16
576.0,1,10,17
748.0,1,10,18
749.0,1,10,19
-99.0,1,10,20
627.0,1,10,21
453.0,1,10,22
231.0,1,10,23
9.0,1,11,0
0.0,1,11,1
0.0,1,11,2
0.0,1,11,3
0.0,1,11,4
0.0,1,11,5
0.0,1,11,6
0.0,1,11,7
0.0,1,11,8
0.0,1,11,9
0.0,1,11,10
0.0,1,11,11
0.0,1,11,12
0.0,1,11,13
28.0,1,11,14
75.0,1,11,15
525.0,1,11,16
675.0,1,11,17
765.0,1,11,18
797.0,1,11,19
752.0,1,11,20
628.0,1,11,21
459.0,1,11,22
238.0,1,11,23
11.0,1,12,0
0.0,1,12,1
0.0,1,12,2
0.0,1,12,3
0.0,1,12,4
0.0,1,12,5
0.0,1,12,6
0.0,1,12,7
0.0,1,12,8
0.0,1,12,9
0.0,1,12,10
0.0,1,12,11
0.0,1,12,12
0.0,1,12,13
29.0,1,12,14
76.0,1,12,15
518.0,1,12,16
672.0,1,12,17
765.0,1,12,18
792.0,1,12,19
754.0,1,12,20
631.0,1,12,21
344.0,1,12,22
249.0,1,12,23
27.0,1,13,0
0.0,1,13,1
0.0,1,13,2
0.0,1,13,3
0.0,1,13,4
0.0,1,13,5
0.0,1,13,6
0.0,1,13,7
0.0,1,13,8
0.0,1,13,9
0.0,1,13,10
0.0,1,13,11
0.0,1,13,12
0.0,1,13,13
32.0,1,13,14
83.0,1,13,15
518.0,1,13,16
667.0,1,13,17
770.0,1,13,18
816.0,1,13,19
642.0,1,13,20
649.0,1,13,21
453.0,1,13,22
239.0,1,13,23
22.0,1,14,0
0.0,1,14,1
0.0,1,14,2
0.0,1,14,3
0.0,1,14,4
0.0,1,14,5
0.0,1,14,6
0.0,1,14,7
0.0,1,14,8
0.0,1,14,9
0.0,1,14,10
0.0,1,14,11
0.0,1,14,12
0.0,1,14,13
71.0,1,14,14
129.0,1,14,15
515.0,1,14,16
667.0,1,14,17
761.0,1,14,18
785.0,1,14,19
740.0,1,14,20
622.0,1,14,21
434.0,1,14,22
238.0,1,14,23
12.0,1,15,0
0.0,1,15,1
0.0,1,15,2
0.0,1,15,3
0.0,1,15,4
0.0,1,15,5
0.0,1,15,6
0.0,1,15,7
0.0,1,15,8
0.0,1,15,9
0.0,1,15,10
0.0,1,15,11
0.0,1,15,12
0.0,1,15,13
51.0,1,15,14
88.0,1,15,15
509.0,1,15,16
552.0,1,15,17
730.0,1,15,18
744.0,1,15,19
758.0,1,15,20
639.0,1,15,21
466.0,1,15,22
258.0,1,15,23
21.0,1,16,0
0.0,1,16,1
0.0,1,16,2
0.0,1,16,3
0.0,1,16,4
0.0,1,16,5
0.0,1,16,6
0.0,1,16,7
0.0,1,16,8
0.0,1,16,9
0.0,1,16,10
0.0,1,16,11
0.0,1,16,12
0.0,1,16,13
34.0,1,16,14
78.0,1,16,15
499.0,1,16,16
636.0,1,16,17
723.0,1,16,18
754.0,1,16,19
727.0,1,16,20
650.0,1,16,21
392.0,1,16,22
116.0,1,16,23
12.0,1,17,0
0.0,1,17,1
0.0,1,17,2
0.0,1,17,3
0.0,1,17,4
0.0,1,17,5
0.0,1,17,6
0.0,1,17,7
0.0,1,17,8
0.0,1,17,9
0.0,1,17,10
0.0,1,17,11
0.0,1,17,12
0.0,1,17,13
48.0,1,17,14
126.0,1,17,15
378.0,1,17,16
638.0,1,17,17
735.0,1,17,18
746.0,1,17,19
709.0,1,17,20
600.0,1,17,21
416.0,1,17,22
214.0,1,17,23
30.0,1,18,0
0.0,1,18,1
0.0,1,18,2
0.0,1,18,3
0.0,1,18,4
0.0,1,18,5
0.0,1,18,6
0.0,1,18,7
0.0,1,18,8
0.0,1,18,9
0.0,1,18,10
0.0,1,18,11
0.0,1,18,12
0.0,1,18,13
48.0,1,18,14
123.0,1,18,15
476.0,1,18,16
631.0,1,18,17
582.0,1,18,18
747.0,1,18,19
705.0,1,18,20
588.0,1,18,21
414.0,1,18,22
214.0,1,18,23
32.0,1,19,0
0.0,1,19,1
0.0,1,19,2
0.0,1,19,3
0.0,1,19,4
0.0,1,19,5
0.0,1,19,6
0.0,1,19,7
0.0,1,19,8
0.0,1,19,9
0.0,1,19,10
0.0,1,19,11
0.0,1,19,12
0.0,1,19,13
53.0,1,19,14
150.0,1,19,15
470.0,1,19,16
618.0,1,19,17
727.0,1,19,18
752.0,1,19,19
650.0,1,19,20
357.0,1,19,21
293.0,1,19,22
254.0,1,19,23
39.0,1,20,0
0.0,1,20,1
0.0,1,20,2
0.0,1,20,3
0.0,1,20,4
0.0,1,20,5
0.0,1,20,6
0.0,1,20,7
0.0,1,20,8
0.0,1,20,9
0.0,1,20,10
0.0,1,20,11
0.0,1,20,12
0.0,1,20,13
42.0,1,20,14
123.0,1,20,15
465.0,1,20,16
617.0,1,20,17
713.0,1,20,18
737.0,1,20,19
704.0,1,20,20
590.0,1,20,21
417.0,1,20,22
206.0,1,20,23
45.0,1,21,0
0.0,1,21,1
0.0,1,21,2
0.0,1,21,3
0.0,1,21,4
0.0,1,21,5
0.0,1,21,6
0.0,1,21,7
0.0,1,21,8
0.0,1,21,9
0.0,1,21,10
0.0,1,21,11
0.0,1,21,12
0.0,1,21,13
34.0,1,21,14
153.0,1,21,15
463.0,1,21,16
616.0,1,21,17
712.0,1,21,18
736.0,1,21,19
714.0,1,21,20
618.0,1,21,21
436.0,1,21,22
151.0,1,21,23
33.0,1,22,0
0.0,1,22,1
0.0,1,22,2
0.0,1,22,3
0.0,1,22,4
0.0,1,22,5
0.0,1,22,6
0.0,1,22,7
0.0,1,22,8
0.0,1,22,9
0.0,1,22,10
0.0,1,22,11
0.0,1,22,12
0.0,1,22,13
40.0,1,22,14
161.0,1,22,15
492.0,1,22,16
652.0,1,22,17
747.0,1,22,18
772.0,1,22,19
744.0,1,22,20
637.0,1,22,21
464.0,1,22,22
141.0,1,22,23
50.0,1,23,0
0.0,1,23,1
0.0,1,23,2
0.0,1,23,3
0.0,1,23,4
0.0,1,23,5
0.0,1,23,6
0.0,1,23,7
0.0,1,23,8
0.0,1,23,9
0.0,1,23,10
0.0,1,23,11
0.0,1,23,12
0.0,1,23,13
50.0,1,23,14
182.0,1,23,15
515.0,1,23,16
667.0,1,23,17
757.0,1,23,18
620.0,1,23,19
687.0,1,23,20
609.0,1,23,21
350.0,1,23,22
293.0,1,23,23
25.0,1,24,0
0.0,1,24,1
0.0,1,24,2
0.0,1,24,3
0.0,1,24,4
0.0,1,24,5
0.0,1,24,6
0.0,1,24,7
0.0,1,24,8
0.0,1,24,9
0.0,1,24,10
0.0,1,24,11
0.0,1,24,12
0.0,1,24,13
36.0,1,24,14
132.0,1,24,15
496.0,1,24,16
659.0,1,24,17
763.0,1,24,18
792.0,1,24,19
767.0,1,24,20
596.0,1,24,21
406.0,1,24,22
133.0,1,24,23
26.0,1,25,0
0.0,1,25,1
0.0,1,25,2
0.0,1,25,3
0.0,1,25,4
0.0,1,25,5
0.0,1,25,6
0.0,1,25,7
0.0,1,25,8
0.0,1,25,9
0.0,1,25,10
0.0,1,25,11
0.0,1,25,12
0.0,1,25,13
37.0,1,25,14
176.0,1,25,15
433.0,1,25,16
419.0,1,25,17
475.0,1,25,18
645.0,1,25,19
355.0,1,25,20
287.0,1,25,21
164.0,1,25,22
72.0,1,25,23
28.0,1,26,0
0.0,1,26,1
0.0,1,26,2
0.0,1,26,3
0.0,1,26,4
0.0,1,26,5
0.0,1,26,6
0.0,1,26,7
0.0,1,26,8
0.0,1,26,9
0.0,1,26,10
0.0,1,26,11
0.0,1,26,12
0.0,1,26,13
44.0,1,26,14
131.0,1,26,15
425.0,1,26,16
685.0,1,26,17
476.0,1,26,18
458.0,1,26,19
565.0,1,26,20
720.0,1,26,21
482.0,1,26,22
198.0,1,26,23
50.0,1,27,0
0.0,1,27,1
0.0,1,27,2
0.0,1,27,3
0.0,1,27,4
0.0,1,27,5
0.0,1,27,6
0.0,1,27,7
0.0,1,27,8
0.0,1,27,9
0.0,1,27,10
0.0,1,27,11
0.0,1,27,12
0.0,1,27,13
34.0,1,27,14
115.0,1,27,15
501.0,1,27,16
656.0,1,27,17
750.0,1,27,18
785.0,1,27,19
756.0,1,27,20
642.0,1,27,21
457.0,1,27,22
239.0,1,27,23
36.0,1,28,0
0.0,1,28,1
0.0,1,28,2
0.0,1,28,3
0.0,1,28,4
0.0,1,28,5
0.0,1,28,6
0.0,1,28,7
0.0,1,28,8
0.0,1,28,9
0.0,1,28,10
0.0,1,28,11
0.0,1,28,12
0.0,1,28,13
32.0,1,28,14
112.0,1,28,15
522.0,1,28,16
677.0,1,28,17
786.0,1,28,18
815.0,1,28,19
780.0,1,28,20
656.0,1,28,21
479.0,1,28,22
271.0,1,28,23
43.0,1,29,0
0.0,1,29,1
0.0,1,29,2
0.0,1,29,3
0.0,1,29,4
0.0,1,29,5
0.0,1,29,6
0.0,1,29,7
0.0,1,29,8
0.0,1,29,9
0.0,1,29,10
0.0,1,29,11
0.0,1,29,12
0.0,1,29,13
33.0,1,29,14
92.0,1,29,15
530.0,1,29,16
682.0,1,29,17
781.0,1,29,18
807.0,1,29,19
772.0,1,29,20
659.0,1,29,21
491.0,1,29,22
283.0,1,29,23
47.0,1,30,0
0.0,1,30,1
0.0,1,30,2
0.0,1,30,3
0.0,1,30,4
0.0,1,30,5
0.0,1,30,6
0.0,1,30,7
0.0,1,30,8
0.0,1,30,9
0.0,1,30,10
0.0,1,30,11
0.0,1,30,12
0.0,1,30,13
34.0,1,30,14
97.0,1,30,15
547.0,1,30,16
703.0,1,30,17
792.0,1,30,18
823.0,1,30,19
783.0,1,30,20
680.0,1,30,21
514.0,1,30,22
302.0,1,30,23
60.0,1,31,0
0.0,1,31,1
0.0,1,31,2
0.0,1,31,3
0.0,1,31,4
0.0,1,31,5
0.0,1,31,6
0.0,1,31,7
0.0,1,31,8
0.0,1,31,9
0.0,1,31,10
0.0,1,31,11
0.0,1,31,12
0.0,1,31,13
38.0,1,31,14
92.0,1,31,15
539.0,1,31,16
692.0,1,31,17
784.0,1,31,18
817.0,1,31,19
789.0,1,31,20
671.0,1,31,21
508.0,1,31,22
293.0,1,31,23
