27.0,2,1,0
0.0,2,1,1
0.0,2,1,2
0.0,2,1,3
0.0,2,1,4
0.0,2,1,5
0.0,2,1,6
0.0,2,1,7
0.0,2,1,8
0.0,2,1,9
0.0,2,1,10
0.0,2,1,11
0.0,2,1,12
0.0,2,1,13
35.0,2,1,14
90.0,2,1,15
534.0,2,1,16
682.0,2,1,17
779.0,2,1,18
798.0,2,1,19
682.0,2,1,20
741.0,2,1,21
515.0,2,1,22
302.0,2,1,23
18.0,2,2,0
0.0,2,2,1
0.0,2,2,2
0.0,2,2,3
0.0,2,2,4
0.0,2,2,5
0.0,2,2,6
0.0,2,2,7
0.0,2,2,8
0.0,2,2,9
0.0,2,2,10
0.0,2,2,11
0.0,2,2,12
0.0,2,2,13
47.0,2,2,14
164.0,2,2,15
294.0,2,2,16
184.0,2,2,17
421.0,2,2,18
283.0,2,2,19
598.0,2,2,20
255.0,2,2,21
219.0,2,2,22
59.0,2,2,23
23.0,2,3,0
0.0,2,3,1
0.0,2,3,2
0.0,2,3,3
0.0,2,3,4
0.0,2,3,5
0.0,2,3,6
0.0,2,3,7
0.0,2,3,8
0.0,2,3,9
0.0,2,3,10
0.0,2,3,11
0.0,2,3,12
0.0,2,3,13
30.0,2,3,14
131.0,2,3,15
174.0,2,3,16
172.0,2,3,17
322.0,2,3,18
261.0,2,3,19
460.0,2,3,20
283.0,2,3,21
234.0,2,3,22
101.0,2,3,23
58.0,2,4,0
0.0,2,4,1
0.0,2,4,2
0.0,2,4,3
0.0,2,4,4
0.0,2,4,5
0.0,2,4,6
0.0,2,4,7
0.0,2,4,8
0.0,2,4,9
0.0,2,4,10
0.0,2,4,11
0.0,2,4,12
0.0,2,4,13
28.0,2,4,14
99.0,2,4,15
550.0,2,4,16
693.0,2,4,17
798.0,2,4,18
847.0,2,4,19
796.0,2,4,20
692.0,2,4,21
520.0,2,4,22
330.0,2,4,23
50.0,2,5,0
0.0,2,5,1
0.0,2,5,2
0.0,2,5,3
0.0,2,5,4
0.0,2,5,5
0.0,2,5,6
0.0,2,5,7
0.0,2,5,8
0.0,2,5,9
0.0,2,5,10
0.0,2,5,11
0.0,2,5,12
0.0,2,5,13
24.0,2,5,14
90.0,2,5,15
365.0,2,5,16
472.0,2,5,17
790.0,2,5,18
833.0,2,5,19
796.0,2,5,20
698.0,2,5,21
295.0,2,5,22
161.0,2,5,23
50.0,2,6,0
0.0,2,6,1
0.0,2,6,2
0.0,2,6,3
0.0,2,6,4
0.0,2,6,5
0.0,2,6,6
0.0,2,6,7
0.0,2,6,8
0.0,2,6,9
0.0,2,6,10
0.0,2,6,11
0.0,2,6,12
0.0,2,6,13
39.0,2,6,14
116.0,2,6,15
474.0,2,6,16
682.0,2,6,17
773.0,2,6,18
832.0,2,6,19
771.0,2,6,20
674.0,2,6,21
499.0,2,6,22
291.0,2,6,23
65.0,2,7,0
0.0,2,7,1
0.0,2,7,2
0.0,2,7,3
0.0,2,7,4
0.0,2,7,5
0.0,2,7,6
0.0,2,7,7
0.0,2,7,8
0.0,2,7,9
0.0,2,7,10
0.0,2,7,11
0.0,2,7,12
0.0,2,7,13
37.0,2,7,14
106.0,2,7,15
533.0,2,7,16
676.0,2,7,17
785.0,2,7,18
829.0,2,7,19
777.0,2,7,20
670.0,2,7,21
510.0,2,7,22
308.0,2,7,23
81.0,2,8,0
0.0,2,8,1
0.0,2,8,2
0.0,2,8,3
0.0,2,8,4
0.0,2,8,5
0.0,2,8,6
0.0,2,8,7
0.0,2,8,8
0.0,2,8,9
0.0,2,8,10
0.0,2,8,11
0.0,2,8,12
0.0,2,8,13
36.0,2,8,14
88.0,2,8,15
534.0,2,8,16
688.0,2,8,17
791.0,2,8,18
831.0,2,8,19
777.0,2,8,20
679.0,2,8,21
503.0,2,8,22
304.0,2,8,23
81.0,2,9,0
0.0,2,9,1
0.0,2,9,2
0.0,2,9,3
0.0,2,9,4
0.0,2,9,5
0.0,2,9,6
0.0,2,9,7
0.0,2,9,8
0.0,2,9,9
0.0,2,9,10
0.0,2,9,11
0.0,2,9,12
0.0,2,9,13
37.0,2,9,14
85.0,2,9,15
526.0,2,9,16
684.0,2,9,17
805.0,2,9,18
836.0,2,9,19
792.0,2,9,20
692.0,2,9,21
515.0,2,9,22
317.0,2,9,23
85.0,2,10,0
0.0,2,10,1
0.0,2,10,2
0.0,2,10,3
0.0,2,10,4
0.0,2,10,5
0.0,2,10,6
0.0,2,10,7
0.0,2,10,8
0.0,2,10,9
0.0,2,10,10
0.0,2,10,11
0.0,2,10,12
0.0,2,10,13
35.0,2,10,14
86.0,2,10,15
554.0,2,10,16
713.0,2,10,17
806.0,2,10,18
842.0,2,10,19
792.0,2,10,20
680.0,2,10,21
510.0,2,10,22
106.0,2,10,23
30.0,2,11,0
0.0,2,11,1
0.0,2,11,2
0.0,2,11,3
0.0,2,11,4
0.0,2,11,5
0.0,2,11,6
0.0,2,11,7
0.0,2,11,8
0.0,2,11,9
0.0,2,11,10
0.0,2,11,11
0.0,2,11,12
0.0,2,11,13
41.0,2,11,14
110.0,2,11,15
535.0,2,11,16
686.0,2,11,17
784.0,2,11,18
813.0,2,11,19
756.0,2,11,20
684.0,2,11,21
463.0,2,11,22
214.0,2,11,23
45.0,2,12,0
0.0,2,12,1
0.0,2,12,2
0.0,2,12,3
0.0,2,12,4
0.0,2,12,5
0.0,2,12,6
0.0,2,12,7
0.0,2,12,8
0.0,2,12,9
0.0,2,12,10
0.0,2,12,11
0.0,2,12,12
0.0,2,12,13
58.0,2,12,14
134.0,2,12,15
407.0,2,12,16
409.0,2,12,17
879.0,2,12,18
508.0,2,12,19
582.0,2,12,20
515.0,2,12,21
248.0,2,12,22
92.0,2,12,23
43.0,2,13,0
0.0,2,13,1
0.0,2,13,2
0.0,2,13,3
0.0,2,13,4
0.0,2,13,5
0.0,2,13,6
0.0,2,13,7
0.0,2,13,8
0.0,2,13,9
0.0,2,13,10
0.0,2,13,11
0.0,2,13,12
0.0,2,13,13
58.0,2,13,14
105.0,2,13,15
155.0,2,13,16
762.0,2,13,17
671.0,2,13,18
868.0,2,13,19
609.0,2,13,20
285.0,2,13,21
161.0,2,13,22
188.0,2,13,23
63.0,2,14,0
0.0,2,14,1
0.0,2,14,2
0.0,2,14,3
0.0,2,14,4
0.0,2,14,5
0.0,2,14,6
0.0,2,14,7
0.0,2,14,8
0.0,2,14,9
0.0,2,14,10
0.0,2,14,11
0.0,2,14,12
0.0,2,14,13
45.0,2,14,14
245.0,2,14,15
549.0,2,14,16
660.0,2,14,17
607.0,2,14,18
504.0,2,14,19
794.0,2,14,20
658.0,2,14,21
255.0,2,14,22
164.0,2,14,23
82.0,2,15,0
0.0,2,15,1
0.0,2,15,2
0.0,2,15,3
0.0,2,15,4
0.0,2,15,5
0.0,2,15,6
0.0,2,15,7
0.0,2,15,8
0.0,2,15,9
0.0,2,15,10
0.0,2,15,11
0.0,2,15,12
0.0,2,15,13
34.0,2,15,14
110.0,2,15,15
242.0,2,15,16
473.0,2,15,17
333.0,2,15,18
504.0,2,15,19
566.0,2,15,20
818.0,2,15,21
537.0,2,15,22
184.0,2,15,23
82.0,2,16,0
0.0,2,16,1
0.0,2,16,2
0.0,2,16,3
0.0,2,16,4
0.0,2,16,5
0.0,2,16,6
0.0,2,16,7
0.0,2,16,8
0.0,2,16,9
0.0,2,16,10
0.0,2,16,11
0.0,2,16,12
1.0,2,16,13
50.0,2,16,14
118.0,2,16,15
609.0,2,16,16
763.0,2,16,17
882.0,2,16,18
895.0,2,16,19
847.0,2,16,20
395.0,2,16,21
222.0,2,16,22
289.0,2,16,23
57.0,2,17,0
0.0,2,17,1
0.0,2,17,2
0.0,2,17,3
0.0,2,17,4
0.0,2,17,5
0.0,2,17,6
0.0,2,17,7
0.0,2,17,8
0.0,2,17,9
0.0,2,17,10
0.0,2,17,11
0.0,2,17,12
0.0,2,17,13
90.0,2,17,14
220.0,2,17,15
703.0,2,17,16
543.0,2,17,17
885.0,2,17,18
581.0,2,17,19
638.0,2,17,20
778.0,2,17,21
444.0,2,17,22
303.0,2,17,23
122.0,2,18,0
0.0,2,18,1
0.0,2,18,2
0.0,2,18,3
0.0,2,18,4
0.0,2,18,5
0.0,2,18,6
0.0,2,18,7
0.0,2,18,8
0.0,2,18,9
0.0,2,18,10
0.0,2,18,11
0.0,2,18,12
0.0,2,18,13
37.0,2,18,14
149.0,2,18,15
603.0,2,18,16
764.0,2,18,17
868.0,2,18,18
902.0,2,18,19
861.0,2,18,20
682.0,2,18,21
569.0,2,18,22
331.0,2,18,23
95.0,2,19,0
0.0,2,19,1
0.0,2,19,2
0.0,2,19,3
0.0,2,19,4
0.0,2,19,5
0.0,2,19,6
0.0,2,19,7
0.0,2,19,8
0.0,2,19,9
0.0,2,19,10
0.0,2,19,11
0.0,2,19,12
0.0,2,19,13
50.0,2,19,14
154.0,2,19,15
560.0,2,19,16
722.0,2,19,17
831.0,2,19,18
873.0,2,19,19
837.0,2,19,20
674.0,2,19,21
545.0,2,19,22
320.0,2,19,23
36.0,2,20,0
0.0,2,20,1
0.0,2,20,2
0.0,2,20,3
0.0,2,20,4
0.0,2,20,5
0.0,2,20,6
0.0,2,20,7
0.0,2,20,8
0.0,2,20,9
0.0,2,20,10
0.0,2,20,11
0.0,2,20,12
0.0,2,20,13
53.0,2,20,14
175.0,2,20,15
576.0,2,20,16
744.0,2,20,17
856.0,2,20,18
891.0,2,20,19
869.0,2,20,20
713.0,2,20,21
361.0,2,20,22
364.0,2,20,23
122.0,2,21,0
0.0,2,21,1
0.0,2,21,2
0.0,2,21,3
0.0,2,21,4
0.0,2,21,5
0.0,2,21,6
0.0,2,21,7
0.0,2,21,8
0.0,2,21,9
0.0,2,21,10
0.0,2,21,11
0.0,2,21,12
0.0,2,21,13
52.0,2,21,14
179.0,2,21,15
585.0,2,21,16
757.0,2,21,17
851.0,2,21,18
882.0,2,21,19
852.0,2,21,20
-99.0,2,21,21
552.0,2,21,22
323.0,2,21,23
92.0,2,22,0
0.0,2,22,1
0.0,2,22,2
0.0,2,22,3
0.0,2,22,4
0.0,2,22,5
0.0,2,22,6
0.0,2,22,7
0.0,2,22,8
0.0,2,22,9
0.0,2,22,10
0.0,2,22,11
0.0,2,22,12
0.0,2,22,13
56.0,2,22,14
183.0,2,22,15
569.0,2,22,16
743.0,2,22,17
842.0,2,22,18
863.0,2,22,19
857.0,2,22,20
692.0,2,22,21
555.0,2,22,22
331.0,2,22,23
94.0,2,23,0
0.0,2,23,1
0.0,2,23,2
0.0,2,23,3
0.0,2,23,4
0.0,2,23,5
0.0,2,23,6
0.0,2,23,7
0.0,2,23,8
0.0,2,23,9
0.0,2,23,10
0.0,2,23,11
0.0,2,23,12
0.0,2,23,13
43.0,2,23,14
145.0,2,23,15
621.0,2,23,16
795.0,2,23,17
883.0,2,23,18
899.0,2,23,19
872.0,2,23,20
686.0,2,23,21
564.0,2,23,22
331.0,2,23,23
124.0,2,24,0
0.0,2,24,1
0.0,2,24,2
0.0,2,24,3
0.0,2,24,4
0.0,2,24,5
0.0,2,24,6
0.0,2,24,7
0.0,2,24,8
0.0,2,24,9
0.0,2,24,10
0.0,2,24,11
0.0,2,24,12
0.0,2,24,13
49.0,2,24,14
176.0,2,24,15
589.0,2,24,16
777.0,2,24,17
884.0,2,24,18
870.0,2,24,19
864.0,2,24,20
683.0,2,24,21
560.0,2,24,22
203.0,2,24,23
76.0,2,25,0
0.0,2,25,1
0.0,2,25,2
0.0,2,25,3
0.0,2,25,4
0.0,2,25,5
0.0,2,25,6
0.0,2,25,7
0.0,2,25,8
0.0,2,25,9
0.0,2,25,10
0.0,2,25,11
0.0,2,25,12
0.0,2,25,13
52.0,2,25,14
184.0,2,25,15
590.0,2,25,16
759.0,2,25,17
858.0,2,25,18
855.0,2,25,19
860.0,2,25,20
684.0,2,25,21
574.0,2,25,22
346.0,2,25,23
110.0,2,26,0
0.0,2,26,1
0.0,2,26,2
0.0,2,26,3
0.0,2,26,4
0.0,2,26,5
0.0,2,26,6
0.0,2,26,7
0.0,2,26,8
0.0,2,26,9
0.0,2,26,10
0.0,2,26,11
0.0,2,26,12
0.0,2,26,13
45.0,2,26,14
209.0,2,26,15
620.0,2,26,16
783.0,2,26,17
894.0,2,26,18
886.0,2,26,19
887.0,2,26,20
709.0,2,26,21
600.0,2,26,22
386.0,2,26,23
129.0,2,27,0
0.0,2,27,1
0.0,2,27,2
0.0,2,27,3
0.0,2,27,4
0.0,2,27,5
0.0,2,27,6
0.0,2,27,7
0.0,2,27,8
0.0,2,27,9
0.0,2,27,10
0.0,2,27,11
0.0,2,27,12
0.0,2,27,13
41.0,2,27,14
156.0,2,27,15
629.0,2,27,16
794.0,2,27,17
895.0,2,27,18
893.0,2,27,19
882.0,2,27,20
706.0,2,27,21
580.0,2,27,22
343.0,2,27,23
69.0,2,28,0
0.0,2,28,1
0.0,2,28,2
0.0,2,28,3
0.0,2,28,4
0.0,2,28,5
0.0,2,28,6
0.0,2,28,7
0.0,2,28,8
0.0,2,28,9
0.0,2,28,10
0.0,2,28,11
0.0,2,28,12
0.0,2,28,13
42.0,2,28,14
143.0,2,28,15
643.0,2,28,16
805.0,2,28,17
908.0,2,28,18
897.0,2,28,19
901.0,2,28,20
720.0,2,28,21
599.0,2,28,22
377.0,2,28,23
