229.0,2,1,0
91.0,2,1,1
77.0,2,1,2
105.0,2,1,3
74.0,2,1,4
75.0,2,1,5
44.0,2,1,6
306.0,2,1,7
106.0,2,1,8
106.0,2,1,9
117.0,2,1,10
43.0,2,1,11
57.0,2,1,12
48.0,2,1,13
82.0,2,1,14
126.0,2,1,15
116.0,2,1,16
237.0,2,1,17
156.0,2,1,18
169.0,2,1,19
55.0,2,1,20
117.0,2,1,21
98.0,2,1,22
132.0,2,1,23
79.0,2,2,0
312.0,2,2,1
284.0,2,2,2
343.0,2,2,3
114.0,2,2,4
93.0,2,2,5
53.0,2,2,6
353.0,2,2,7
38.0,2,2,8
99.0,2,2,9
143.0,2,2,10
291.0,2,2,11
69.0,2,2,12
102.0,2,2,13
91.0,2,2,14
125.0,2,2,15
168.0,2,2,16
272.0,2,2,17
165.0,2,2,18
235.0,2,2,19
251.0,2,2,20
205.0,2,2,21
213.0,2,2,22
210.0,2,2,23
212.0,2,3,0
321.0,2,3,1
348.0,2,3,2
54.0,2,3,3
71.0,2,3,4
90.0,2,3,5
118.0,2,3,6
152.0,2,3,7
76.0,2,3,8
165.0,2,3,9
79.0,2,3,10
45.0,2,3,11
52.0,2,3,12
157.0,2,3,13
156.0,2,3,14
322.0,2,3,15
152.0,2,3,16
224.0,2,3,17
191.0,2,3,18
203.0,2,3,19
153.0,2,3,20
244.0,2,3,21
129.0,2,3,22
276.0,2,3,23
239.0,2,4,0
273.0,2,4,1
334.0,2,4,2
132.0,2,4,3
101.0,2,4,4
18.0,2,4,5
100.0,2,4,6
130.0,2,4,7
194.0,2,4,8
17.0,2,4,9
251.0,2,4,10
144.0,2,4,11
40.0,2,4,12
32.0,2,4,13
229.0,2,4,14
126.0,2,4,15
50.0,2,4,16
327.0,2,4,17
180.0,2,4,18
95.0,2,4,19
51.0,2,4,20
173.0,2,4,21
252.0,2,4,22
257.0,2,4,23
268.0,2,5,0
261.0,2,5,1
278.0,2,5,2
101.0,2,5,3
67.0,2,5,4
68.0,2,5,5
324.0,2,5,6
343.0,2,5,7
347.0,2,5,8
75.0,2,5,9
30.0,2,5,10
37.0,2,5,11
60.0,2,5,12
111.0,2,5,13
58.0,2,5,14
129.0,2,5,15
227.0,2,5,16
127.0,2,5,17
61.0,2,5,18
207.0,2,5,19
243.0,2,5,20
241.0,2,5,21
154.0,2,5,22
227.0,2,5,23
268.0,2,6,0
336.0,2,6,1
341.0,2,6,2
75.0,2,6,3
63.0,2,6,4
13.0,2,6,5
56.0,2,6,6
66.0,2,6,7
64.0,2,6,8
14.0,2,6,9
340.0,2,6,10
115.0,2,6,11
189.0,2,6,12
156.0,2,6,13
284.0,2,6,14
144.0,2,6,15
261.0,2,6,16
150.0,2,6,17
116.0,2,6,18
180.0,2,6,19
131.0,2,6,20
120.0,2,6,21
149.0,2,6,22
273.0,2,6,23
247.0,2,7,0
332.0,2,7,1
319.0,2,7,2
31.0,2,7,3
80.0,2,7,4
45.0,2,7,5
72.0,2,7,6
323.0,2,7,7
98.0,2,7,8
261.0,2,7,9
84.0,2,7,10
1.0,2,7,11
7.0,2,7,12
96.0,2,7,13
152.0,2,7,14
119.0,2,7,15
106.0,2,7,16
108.0,2,7,17
171.0,2,7,18
214.0,2,7,19
338.0,2,7,20
119.0,2,7,21
162.0,2,7,22
172.0,2,7,23
236.0,2,8,0
322.0,2,8,1
159.0,2,8,2
66.0,2,8,3
72.0,2,8,4
231.0,2,8,5
327.0,2,8,6
355.0,2,8,7
74.0,2,8,8
345.0,2,8,9
42.0,2,8,10
86.0,2,8,11
74.0,2,8,12
53.0,2,8,13
100.0,2,8,14
147.0,2,8,15
142.0,2,8,16
123.0,2,8,17
189.0,2,8,18
223.0,2,8,19
97.0,2,8,20
153.0,2,8,21
209.0,2,8,22
196.0,2,8,23
199.0,2,9,0
236.0,2,9,1
220.0,2,9,2
28.0,2,9,3
60.0,2,9,4
67.0,2,9,5
339.0,2,9,6
30.0,2,9,7
112.0,2,9,8
36.0,2,9,9
95.0,2,9,10
355.0,2,9,11
337.0,2,9,12
45.0,2,9,13
113.0,2,9,14
111.0,2,9,15
135.0,2,9,16
151.0,2,9,17
182.0,2,9,18
172.0,2,9,19
155.0,2,9,20
315.0,2,9,21
182.0,2,9,22
204.0,2,9,23
254.0,2,10,0
323.0,2,10,1
329.0,2,10,2
68.0,2,10,3
349.0,2,10,4
355.0,2,10,5
26.0,2,10,6
66.0,2,10,7
24.0,2,10,8
117.0,2,10,9
49.0,2,10,10
55.0,2,10,11
65.0,2,10,12
356.0,2,10,13
123.0,2,10,14
83.0,2,10,15
158.0,2,10,16
113.0,2,10,17
321.0,2,10,18
320.0,2,10,19
218.0,2,10,20
285.0,2,10,21
140.0,2,10,22
284.0,2,10,23
218.0,2,11,0
271.0,2,11,1
332.0,2,11,2
355.0,2,11,3
62.0,2,11,4
299.0,2,11,5
25.0,2,11,6
359.0,2,11,7
4.0,2,11,8
106.0,2,11,9
30.0,2,11,10
122.0,2,11,11
35.0,2,11,12
70.0,2,11,13
62.0,2,11,14
105.0,2,11,15
90.0,2,11,16
62.0,2,11,17
247.0,2,11,18
138.0,2,11,19
144.0,2,11,20
114.0,2,11,21
229.0,2,11,22
110.0,2,11,23
271.0,2,12,0
223.0,2,12,1
93.0,2,12,2
80.0,2,12,3
97.0,2,12,4
88.0,2,12,5
73.0,2,12,6
112.0,2,12,7
88.0,2,12,8
99.0,2,12,9
243.0,2,12,10
10.0,2,12,11
72.0,2,12,12
133.0,2,12,13
195.0,2,12,14
115.0,2,12,15
161.0,2,12,16
246.0,2,12,17
163.0,2,12,18
128.0,2,12,19
163.0,2,12,20
160.0,2,12,21
195.0,2,12,22
230.0,2,12,23
303.0,2,13,0
332.0,2,13,1
90.0,2,13,2
264.0,2,13,3
33.0,2,13,4
339.0,2,13,5
309.0,2,13,6
279.0,2,13,7
315.0,2,13,8
33.0,2,13,9
55.0,2,13,10
145.0,2,13,11
112.0,2,13,12
357.0,2,13,13
333.0,2,13,14
89.0,2,13,15
120.0,2,13,16
231.0,2,13,17
197.0,2,13,18
163.0,2,13,19
308.0,2,13,20
270.0,2,13,21
283.0,2,13,22
193.0,2,13,23
184.0,2,14,0
359.0,2,14,1
339.0,2,14,2
279.0,2,14,3
14.0,2,14,4
46.0,2,14,5
5.0,2,14,6
349.0,2,14,7
162.0,2,14,8
104.0,2,14,9
346.0,2,14,10
265.0,2,14,11
351.0,2,14,12
118.0,2,14,13
87.0,2,14,14
63.0,2,14,15
188.0,2,14,16
183.0,2,14,17
299.0,2,14,18
300.0,2,14,19
110.0,2,14,20
180.0,2,14,21
180.0,2,14,22
240.0,2,14,23
178.0,2,15,0
268.0,2,15,1
274.0,2,15,2
28.0,2,15,3
235.0,2,15,4
162.0,2,15,5
119.0,2,15,6
88.0,2,15,7
59.0,2,15,8
16.0,2,15,9
1.0,2,15,10
2.0,2,15,11
106.0,2,15,12
62.0,2,15,13
82.0,2,15,14
96.0,2,15,15
344.0,2,15,16
194.0,2,15,17
127.0,2,15,18
203.0,2,15,19
253.0,2,15,20
188.0,2,15,21
132.0,2,15,22
80.0,2,15,23
238.0,2,16,0
319.0,2,16,1
20.0,2,16,2
338.0,2,16,3
275.0,2,16,4
40.0,2,16,5
122.0,2,16,6
63.0,2,16,7
194.0,2,16,8
10.0,2,16,9
306.0,2,16,10
266.0,2,16,11
161.0,2,16,12
101.0,2,16,13
77.0,2,16,14
48.0,2,16,15
151.0,2,16,16
55.0,2,16,17
263.0,2,16,18
105.0,2,16,19
152.0,2,16,20
142.0,2,16,21
152.0,2,16,22
254.0,2,16,23
265.0,2,17,0
276.0,2,17,1
270.0,2,17,2
255.0,2,17,3
268.0,2,17,4
96.0,2,17,5
113.0,2,17,6
89.0,2,17,7
64.0,2,17,8
337.0,2,17,9
146.0,2,17,10
359.0,2,17,11
146.0,2,17,12
324.0,2,17,13
55.0,2,17,14
104.0,2,17,15
251.0,2,17,16
283.0,2,17,17
230.0,2,17,18
62.0,2,17,19
262.0,2,17,20
305.0,2,17,21
296.0,2,17,22
260.0,2,17,23
261.0,2,18,0
256.0,2,18,1
321.0,2,18,2
92.0,2,18,3
73.0,2,18,4
106.0,2,18,5
242.0,2,18,6
88.0,2,18,7
78.0,2,18,8
29.0,2,18,9
175.0,2,18,10
128.0,2,18,11
43.0,2,18,12
45.0,2,18,13
88.0,2,18,14
90.0,2,18,15
199.0,2,18,16
145.0,2,18,17
117.0,2,18,18
248.0,2,18,19
199.0,2,18,20
97.0,2,18,21
97.0,2,18,22
90.0,2,18,23
110.0,2,19,0
345.0,2,19,1
46.0,2,19,2
48.0,2,19,3
72.0,2,19,4
55.0,2,19,5
323.0,2,19,6
42.0,2,19,7
70.0,2,19,8
305.0,2,19,9
332.0,2,19,10
40.0,2,19,11
19.0,2,19,12
75.0,2,19,13
75.0,2,19,14
101.0,2,19,15
139.0,2,19,16
107.0,2,19,17
77.0,2,19,18
139.0,2,19,19
116.0,2,19,20
199.0,2,19,21
252.0,2,19,22
146.0,2,19,23
292.0,2,20,0
235.0,2,20,1
271.0,2,20,2
81.0,2,20,3
162.0,2,20,4
81.0,2,20,5
91.0,2,20,6
44.0,2,20,7
94.0,2,20,8
84.0,2,20,9
139.0,2,20,10
1.0,2,20,11
73.0,2,20,12
21.0,2,20,13
41.0,2,20,14
113.0,2,20,15
79.0,2,20,16
188.0,2,20,17
95.0,2,20,18
176.0,2,20,19
178.0,2,20,20
184.0,2,20,21
221.0,2,20,22
240.0,2,20,23
266.0,2,21,0
257.0,2,21,1
249.0,2,21,2
162.0,2,21,3
213.0,2,21,4
66.0,2,21,5
59.0,2,21,6
63.0,2,21,7
85.0,2,21,8
19.0,2,21,9
296.0,2,21,10
6.0,2,21,11
279.0,2,21,12
237.0,2,21,13
19.0,2,21,14
100.0,2,21,15
140.0,2,21,16
88.0,2,21,17
182.0,2,21,18
177.0,2,21,19
169.0,2,21,20
-99.0,2,21,21
114.0,2,21,22
128.0,2,21,23
237.0,2,22,0
257.0,2,22,1
234.0,2,22,2
62.0,2,22,3
87.0,2,22,4
76.0,2,22,5
84.0,2,22,6
85.0,2,22,7
97.0,2,22,8
38.0,2,22,9
24.0,2,22,10
355.0,2,22,11
5.0,2,22,12
48.0,2,22,13
71.0,2,22,14
137.0,2,22,15
108.0,2,22,16
245.0,2,22,17
143.0,2,22,18
202.0,2,22,19
125.0,2,22,20
238.0,2,22,21
105.0,2,22,22
112.0,2,22,23
149.0,2,23,0
270.0,2,23,1
345.0,2,23,2
104.0,2,23,3
79.0,2,23,4
103.0,2,23,5
112.0,2,23,6
0.0,2,23,7
178.0,2,23,8
37.0,2,23,9
3.0,2,23,10
26.0,2,23,11
44.0,2,23,12
63.0,2,23,13
113.0,2,23,14
108.0,2,23,15
91.0,2,23,16
322.0,2,23,17
224.0,2,23,18
248.0,2,23,19
242.0,2,23,20
250.0,2,23,21
277.0,2,23,22
132.0,2,23,23
127.0,2,24,0
337.0,2,24,1
47.0,2,24,2
228.0,2,24,3
120.0,2,24,4
117.0,2,24,5
88.0,2,24,6
103.0,2,24,7
104.0,2,24,8
253.0,2,24,9
135.0,2,24,10
99.0,2,24,11
206.0,2,24,12
42.0,2,24,13
102.0,2,24,14
84.0,2,24,15
139.0,2,24,16
149.0,2,24,17
147.0,2,24,18
135.0,2,24,19
204.0,2,24,20
140.0,2,24,21
111.0,2,24,22
109.0,2,24,23
180.0,2,25,0
301.0,2,25,1
56.0,2,25,2
102.0,2,25,3
91.0,2,25,4
137.0,2,25,5
228.0,2,25,6
344.0,2,25,7
149.0,2,25,8
96.0,2,25,9
4.0,2,25,10
67.0,2,25,11
26.0,2,25,12
127.0,2,25,13
90.0,2,25,14
136.0,2,25,15
146.0,2,25,16
220.0,2,25,17
129.0,2,25,18
198.0,2,25,19
201.0,2,25,20
198.0,2,25,21
223.0,2,25,22
243.0,2,25,23
223.0,2,26,0
226.0,2,26,1
162.0,2,26,2
139.0,2,26,3
73.0,2,26,4
111.0,2,26,5
321.0,2,26,6
323.0,2,26,7
93.0,2,26,8
298.0,2,26,9
86.0,2,26,10
85.0,2,26,11
95.0,2,26,12
65.0,2,26,13
139.0,2,26,14
125.0,2,26,15
26.0,2,26,16
114.0,2,26,17
223.0,2,26,18
146.0,2,26,19
212.0,2,26,20
187.0,2,26,21
237.0,2,26,22
256.0,2,26,23
246.0,2,27,0
269.0,2,27,1
312.0,2,27,2
96.0,2,27,3
68.0,2,27,4
35.0,2,27,5
69.0,2,27,6
79.0,2,27,7
59.0,2,27,8
2.0,2,27,9
241.0,2,27,10
358.0,2,27,11
64.0,2,27,12
192.0,2,27,13
93.0,2,27,14
117.0,2,27,15
134.0,2,27,16
336.0,2,27,17
74.0,2,27,18
238.0,2,27,19
269.0,2,27,20
112.0,2,27,21
80.0,2,27,22
94.0,2,27,23
132.0,2,28,0
271.0,2,28,1
153.0,2,28,2
142.0,2,28,3
69.0,2,28,4
88.0,2,28,5
51.0,2,28,6
25.0,2,28,7
65.0,2,28,8
335.0,2,28,9
125.0,2,28,10
75.0,2,28,11
326.0,2,28,12
49.0,2,28,13
87.0,2,28,14
97.0,2,28,15
234.0,2,28,16
189.0,2,28,17
119.0,2,28,18
175.0,2,28,19
233.0,2,28,20
218.0,2,28,21
144.0,2,28,22
219.0,2,28,23
