169.0,5,1,0
350.0,5,1,1
281.0,5,1,2
180.0,5,1,3
158.0,5,1,4
128.0,5,1,5
96.0,5,1,6
108.0,5,1,7
108.0,5,1,8
134.0,5,1,9
85.0,5,1,10
20.0,5,1,11
171.0,5,1,12
51.0,5,1,13
150.0,5,1,14
182.0,5,1,15
140.0,5,1,16
229.0,5,1,17
216.0,5,1,18
64.0,5,1,19
212.0,5,1,20
174.0,5,1,21
185.0,5,1,22
231.0,5,1,23
259.0,5,2,0
266.0,5,2,1
270.0,5,2,2
186.0,5,2,3
54.0,5,2,4
70.0,5,2,5
87.0,5,2,6
73.0,5,2,7
91.0,5,2,8
90.0,5,2,9
54.0,5,2,10
96.0,5,2,11
71.0,5,2,12
57.0,5,2,13
105.0,5,2,14
244.0,5,2,15
70.0,5,2,16
145.0,5,2,17
125.0,5,2,18
152.0,5,2,19
133.0,5,2,20
209.0,5,2,21
238.0,5,2,22
3.0,5,2,23
124.0,5,3,0
157.0,5,3,1
49.0,5,3,2
95.0,5,3,3
125.0,5,3,4
79.0,5,3,5
89.0,5,3,6
101.0,5,3,7
65.0,5,3,8
43.0,5,3,9
223.0,5,3,10
97.0,5,3,11
67.0,5,3,12
79.0,5,3,13
83.0,5,3,14
153.0,5,3,15
218.0,5,3,16
171.0,5,3,17
223.0,5,3,18
243.0,5,3,19
52.0,5,3,20
153.0,5,3,21
199.0,5,3,22
218.0,5,3,23
223.0,5,4,0
262.0,5,4,1
197.0,5,4,2
161.0,5,4,3
83.0,5,4,4
91.0,5,4,5
90.0,5,4,6
117.0,5,4,7
93.0,5,4,8
93.0,5,4,9
55.0,5,4,10
18.0,5,4,11
14.0,5,4,12
21.0,5,4,13
96.0,5,4,14
83.0,5,4,15
278.0,5,4,16
141.0,5,4,17
141.0,5,4,18
128.0,5,4,19
172.0,5,4,20
230.0,5,4,21
214.0,5,4,22
203.0,5,4,23
104.0,5,5,0
179.0,5,5,1
66.0,5,5,2
70.0,5,5,3
107.0,5,5,4
98.0,5,5,5
90.0,5,5,6
102.0,5,5,7
110.0,5,5,8
122.0,5,5,9
312.0,5,5,10
17.0,5,5,11
15.0,5,5,12
52.0,5,5,13
146.0,5,5,14
193.0,5,5,15
90.0,5,5,16
75.0,5,5,17
162.0,5,5,18
255.0,5,5,19
56.0,5,5,20
137.0,5,5,21
188.0,5,5,22
175.0,5,5,23
348.0,5,6,0
32.0,5,6,1
123.0,5,6,2
62.0,5,6,3
78.0,5,6,4
93.0,5,6,5
130.0,5,6,6
102.0,5,6,7
82.0,5,6,8
144.0,5,6,9
316.0,5,6,10
357.0,5,6,11
2.0,5,6,12
92.0,5,6,13
104.0,5,6,14
101.0,5,6,15
54.0,5,6,16
37.0,5,6,17
138.0,5,6,18
104.0,5,6,19
33.0,5,6,20
184.0,5,6,21
133.0,5,6,22
198.0,5,6,23
27.0,5,7,0
336.0,5,7,1
326.0,5,7,2
69.0,5,7,3
80.0,5,7,4
121.0,5,7,5
126.0,5,7,6
125.0,5,7,7
48.0,5,7,8
108.0,5,7,9
285.0,5,7,10
79.0,5,7,11
302.0,5,7,12
36.0,5,7,13
99.0,5,7,14
218.0,5,7,15
107.0,5,7,16
29.0,5,7,17
214.0,5,7,18
117.0,5,7,19
210.0,5,7,20
358.0,5,7,21
131.0,5,7,22
224.0,5,7,23
318.0,5,8,0
321.0,5,8,1
351.0,5,8,2
264.0,5,8,3
33.0,5,8,4
52.0,5,8,5
85.0,5,8,6
133.0,5,8,7
5.0,5,8,8
170.0,5,8,9
43.0,5,8,10
326.0,5,8,11
66.0,5,8,12
52.0,5,8,13
110.0,5,8,14
101.0,5,8,15
81.0,5,8,16
268.0,5,8,17
200.0,5,8,18
141.0,5,8,19
127.0,5,8,20
344.0,5,8,21
105.0,5,8,22
197.0,5,8,23
127.0,5,9,0
70.0,5,9,1
81.0,5,9,2
148.0,5,9,3
201.0,5,9,4
80.0,5,9,5
5.0,5,9,6
13.0,5,9,7
304.0,5,9,8
43.0,5,9,9
313.0,5,9,10
328.0,5,9,11
44.0,5,9,12
66.0,5,9,13
86.0,5,9,14
82.0,5,9,15
124.0,5,9,16
216.0,5,9,17
111.0,5,9,18
31.0,5,9,19
279.0,5,9,20
88.0,5,9,21
143.0,5,9,22
78.0,5,9,23
107.0,5,10,0
151.0,5,10,1
310.0,5,10,2
260.0,5,10,3
164.0,5,10,4
44.0,5,10,5
103.0,5,10,6
341.0,5,10,7
60.0,5,10,8
101.0,5,10,9
32.0,5,10,10
356.0,5,10,11
58.0,5,10,12
327.0,5,10,13
84.0,5,10,14
101.0,5,10,15
173.0,5,10,16
252.0,5,10,17
115.0,5,10,18
197.0,5,10,19
137.0,5,10,20
174.0,5,10,21
226.0,5,10,22
234.0,5,10,23
219.0,5,11,0
269.0,5,11,1
151.0,5,11,2
85.0,5,11,3
95.0,5,11,4
80.0,5,11,5
83.0,5,11,6
88.0,5,11,7
102.0,5,11,8
38.0,5,11,9
82.0,5,11,10
63.0,5,11,11
354.0,5,11,12
3.0,5,11,13
104.0,5,11,14
150.0,5,11,15
69.0,5,11,16
265.0,5,11,17
195.0,5,11,18
150.0,5,11,19
186.0,5,11,20
223.0,5,11,21
273.0,5,11,22
77.0,5,11,23
48.0,5,12,0
269.0,5,12,1
120.0,5,12,2
149.0,5,12,3
130.0,5,12,4
105.0,5,12,5
324.0,5,12,6
335.0,5,12,7
17.0,5,12,8
71.0,5,12,9
348.0,5,12,10
6.0,5,12,11
82.0,5,12,12
345.0,5,12,13
242.0,5,12,14
217.0,5,12,15
302.0,5,12,16
204.0,5,12,17
241.0,5,12,18
137.0,5,12,19
145.0,5,12,20
44.0,5,12,21
119.0,5,12,22
24.0,5,12,23
355.0,5,13,0
186.0,5,13,1
323.0,5,13,2
137.0,5,13,3
180.0,5,13,4
70.0,5,13,5
327.0,5,13,6
201.0,5,13,7
295.0,5,13,8
167.0,5,13,9
40.0,5,13,10
151.0,5,13,11
51.0,5,13,12
331.0,5,13,13
71.0,5,13,14
105.0,5,13,15
145.0,5,13,16
117.0,5,13,17
208.0,5,13,18
210.0,5,13,19
262.0,5,13,20
92.0,5,13,21
19.0,5,13,22
108.0,5,13,23
56.0,5,14,0
31.0,5,14,1
11.0,5,14,2
358.0,5,14,3
8.0,5,14,4
43.0,5,14,5
256.0,5,14,6
327.0,5,14,7
265.0,5,14,8
169.0,5,14,9
284.0,5,14,10
314.0,5,14,11
67.0,5,14,12
59.0,5,14,13
109.0,5,14,14
54.0,5,14,15
117.0,5,14,16
145.0,5,14,17
219.0,5,14,18
119.0,5,14,19
213.0,5,14,20
261.0,5,14,21
322.0,5,14,22
343.0,5,14,23
56.0,5,15,0
229.0,5,15,1
101.0,5,15,2
118.0,5,15,3
217.0,5,15,4
338.0,5,15,5
13.0,5,15,6
67.0,5,15,7
261.0,5,15,8
306.0,5,15,9
353.0,5,15,10
92.0,5,15,11
317.0,5,15,12
341.0,5,15,13
95.0,5,15,14
110.0,5,15,15
74.0,5,15,16
285.0,5,15,17
216.0,5,15,18
225.0,5,15,19
102.0,5,15,20
212.0,5,15,21
258.0,5,15,22
166.0,5,15,23
346.0,5,16,0
193.0,5,16,1
157.0,5,16,2
194.0,5,16,3
195.0,5,16,4
356.0,5,16,5
75.0,5,16,6
92.0,5,16,7
155.0,5,16,8
321.0,5,16,9
189.0,5,16,10
322.0,5,16,11
220.0,5,16,12
2.0,5,16,13
102.0,5,16,14
181.0,5,16,15
222.0,5,16,16
51.0,5,16,17
116.0,5,16,18
90.0,5,16,19
177.0,5,16,20
50.0,5,16,21
326.0,5,16,22
329.0,5,16,23
272.0,5,17,0
189.0,5,17,1
102.0,5,17,2
109.0,5,17,3
121.0,5,17,4
111.0,5,17,5
268.0,5,17,6
219.0,5,17,7
325.0,5,17,8
88.0,5,17,9
30.0,5,17,10
300.0,5,17,11
81.0,5,17,12
36.0,5,17,13
210.0,5,17,14
221.0,5,17,15
258.0,5,17,16
29.0,5,17,17
77.0,5,17,18
232.0,5,17,19
202.0,5,17,20
202.0,5,17,21
43.0,5,17,22
11.0,5,17,23
12.0,5,18,0
5.0,5,18,1
16.0,5,18,2
93.0,5,18,3
140.0,5,18,4
352.0,5,18,5
91.0,5,18,6
96.0,5,18,7
7.0,5,18,8
91.0,5,18,9
345.0,5,18,10
69.0,5,18,11
338.0,5,18,12
80.0,5,18,13
83.0,5,18,14
62.0,5,18,15
70.0,5,18,16
152.0,5,18,17
165.0,5,18,18
178.0,5,18,19
245.0,5,18,20
122.0,5,18,21
145.0,5,18,22
82.0,5,18,23
81.0,5,19,0
74.0,5,19,1
326.0,5,19,2
4.0,5,19,3
86.0,5,19,4
29.0,5,19,5
95.0,5,19,6
216.0,5,19,7
65.0,5,19,8
354.0,5,19,9
332.0,5,19,10
87.0,5,19,11
27.0,5,19,12
145.0,5,19,13
111.0,5,19,14
103.0,5,19,15
192.0,5,19,16
121.0,5,19,17
283.0,5,19,18
111.0,5,19,19
322.0,5,19,20
106.0,5,19,21
73.0,5,19,22
307.0,5,19,23
312.0,5,20,0
308.0,5,20,1
279.0,5,20,2
16.0,5,20,3
7.0,5,20,4
120.0,5,20,5
110.0,5,20,6
58.0,5,20,7
32.0,5,20,8
253.0,5,20,9
287.0,5,20,10
314.0,5,20,11
289.0,5,20,12
357.0,5,20,13
105.0,5,20,14
168.0,5,20,15
58.0,5,20,16
229.0,5,20,17
158.0,5,20,18
247.0,5,20,19
235.0,5,20,20
188.0,5,20,21
227.0,5,20,22
227.0,5,20,23
288.0,5,21,0
293.0,5,21,1
334.0,5,21,2
279.0,5,21,3
102.0,5,21,4
102.0,5,21,5
267.0,5,21,6
130.0,5,21,7
106.0,5,21,8
310.0,5,21,9
124.0,5,21,10
112.0,5,21,11
70.0,5,21,12
306.0,5,21,13
127.0,5,21,14
69.0,5,21,15
59.0,5,21,16
173.0,5,21,17
111.0,5,21,18
275.0,5,21,19
119.0,5,21,20
52.0,5,21,21
103.0,5,21,22
60.0,5,21,23
288.0,5,22,0
173.0,5,22,1
243.0,5,22,2
142.0,5,22,3
37.0,5,22,4
328.0,5,22,5
348.0,5,22,6
354.0,5,22,7
18.0,5,22,8
31.0,5,22,9
337.0,5,22,10
48.0,5,22,11
7.0,5,22,12
269.0,5,22,13
163.0,5,22,14
97.0,5,22,15
103.0,5,22,16
314.0,5,22,17
135.0,5,22,18
157.0,5,22,19
249.0,5,22,20
259.0,5,22,21
315.0,5,22,22
12.0,5,22,23
30.0,5,23,0
311.0,5,23,1
47.0,5,23,2
47.0,5,23,3
257.0,5,23,4
307.0,5,23,5
300.0,5,23,6
129.0,5,23,7
4.0,5,23,8
42.0,5,23,9
357.0,5,23,10
345.0,5,23,11
75.0,5,23,12
72.0,5,23,13
167.0,5,23,14
163.0,5,23,15
251.0,5,23,16
71.0,5,23,17
145.0,5,23,18
47.0,5,23,19
133.0,5,23,20
95.0,5,23,21
203.0,5,23,22
17.0,5,23,23
30.0,5,24,0
345.0,5,24,1
296.0,5,24,2
56.0,5,24,3
117.0,5,24,4
332.0,5,24,5
342.0,5,24,6
71.0,5,24,7
334.0,5,24,8
324.0,5,24,9
24.0,5,24,10
67.0,5,24,11
104.0,5,24,12
74.0,5,24,13
68.0,5,24,14
89.0,5,24,15
107.0,5,24,16
88.0,5,24,17
112.0,5,24,18
127.0,5,24,19
43.0,5,24,20
54.0,5,24,21
51.0,5,24,22
293.0,5,24,23
345.0,5,25,0
322.0,5,25,1
271.0,5,25,2
350.0,5,25,3
150.0,5,25,4
309.0,5,25,5
305.0,5,25,6
331.0,5,25,7
348.0,5,25,8
68.0,5,25,9
28.0,5,25,10
22.0,5,25,11
59.0,5,25,12
134.0,5,25,13
123.0,5,25,14
144.0,5,25,15
258.0,5,25,16
241.0,5,25,17
70.0,5,25,18
153.0,5,25,19
104.0,5,25,20
85.0,5,25,21
100.0,5,25,22
65.0,5,25,23
280.0,5,26,0
14.0,5,26,1
329.0,5,26,2
317.0,5,26,3
118.0,5,26,4
155.0,5,26,5
267.0,5,26,6
52.0,5,26,7
225.0,5,26,8
143.0,5,26,9
237.0,5,26,10
93.0,5,26,11
55.0,5,26,12
35.0,5,26,13
216.0,5,26,14
157.0,5,26,15
136.0,5,26,16
198.0,5,26,17
132.0,5,26,18
246.0,5,26,19
97.0,5,26,20
59.0,5,26,21
41.0,5,26,22
70.0,5,26,23
50.0,5,27,0
6.0,5,27,1
330.0,5,27,2
105.0,5,27,3
125.0,5,27,4
335.0,5,27,5
337.0,5,27,6
252.0,5,27,7
91.0,5,27,8
76.0,5,27,9
258.0,5,27,10
235.0,5,27,11
230.0,5,27,12
347.0,5,27,13
114.0,5,27,14
66.0,5,27,15
166.0,5,27,16
73.0,5,27,17
301.0,5,27,18
243.0,5,27,19
180.0,5,27,20
146.0,5,27,21
157.0,5,27,22
241.0,5,27,23
232.0,5,28,0
161.0,5,28,1
21.0,5,28,2
9.0,5,28,3
194.0,5,28,4
334.0,5,28,5
259.0,5,28,6
325.0,5,28,7
204.0,5,28,8
70.0,5,28,9
270.0,5,28,10
339.0,5,28,11
39.0,5,28,12
93.0,5,28,13
283.0,5,28,14
353.0,5,28,15
156.0,5,28,16
200.0,5,28,17
184.0,5,28,18
231.0,5,28,19
160.0,5,28,20
262.0,5,28,21
228.0,5,28,22
282.0,5,28,23
258.0,5,29,0
220.0,5,29,1
6.0,5,29,2
351.0,5,29,3
13.0,5,29,4
349.0,5,29,5
26.0,5,29,6
129.0,5,29,7
240.0,5,29,8
245.0,5,29,9
228.0,5,29,10
132.0,5,29,11
246.0,5,29,12
229.0,5,29,13
5.0,5,29,14
130.0,5,29,15
233.0,5,29,16
225.0,5,29,17
300.0,5,29,18
134.0,5,29,19
239.0,5,29,20
249.0,5,29,21
194.0,5,29,22
229.0,5,29,23
234.0,5,30,0
272.0,5,30,1
331.0,5,30,2
304.0,5,30,3
284.0,5,30,4
117.0,5,30,5
25.0,5,30,6
329.0,5,30,7
84.0,5,30,8
96.0,5,30,9
213.0,5,30,10
326.0,5,30,11
269.0,5,30,12
74.0,5,30,13
103.0,5,30,14
130.0,5,30,15
246.0,5,30,16
309.0,5,30,17
336.0,5,30,18
85.0,5,30,19
314.0,5,30,20
280.0,5,30,21
247.0,5,30,22
229.0,5,30,23
234.0,5,31,0
248.0,5,31,1
225.0,5,31,2
99.0,5,31,3
62.0,5,31,4
258.0,5,31,5
222.0,5,31,6
283.0,5,31,7
252.0,5,31,8
119.0,5,31,9
31.0,5,31,10
306.0,5,31,11
213.0,5,31,12
256.0,5,31,13
222.0,5,31,14
101.0,5,31,15
49.0,5,31,16
149.0,5,31,17
312.0,5,31,18
192.0,5,31,19
22.0,5,31,20
18.0,5,31,21
71.0,5,31,22
-99.0,5,31,23
