81.0,7,1,0
31.0,7,1,1
0.0,7,1,2
0.0,7,1,3
0.0,7,1,4
0.0,7,1,5
0.0,7,1,6
0.0,7,1,7
0.0,7,1,8
0.0,7,1,9
0.0,7,1,10
0.0,7,1,11
0.0,7,1,12
66.0,7,1,13
338.0,7,1,14
571.0,7,1,15
768.0,7,1,16
921.0,7,1,17
1087.0,7,1,18
589.0,7,1,19
573.0,7,1,20
999.0,7,1,21
710.0,7,1,22
535.0,7,1,23
110.0,7,2,0
11.0,7,2,1
0.0,7,2,2
0.0,7,2,3
0.0,7,2,4
0.0,7,2,5
0.0,7,2,6
0.0,7,2,7
0.0,7,2,8
0.0,7,2,9
0.0,7,2,10
0.0,7,2,11
0.0,7,2,12
11.0,7,2,13
63.0,7,2,14
269.0,7,2,15
681.0,7,2,16
836.0,7,2,17
701.0,7,2,18
1027.0,7,2,19
946.0,7,2,20
516.0,7,2,21
192.0,7,2,22
228.0,7,2,23
49.0,7,3,0
24.0,7,3,1
0.0,7,3,2
0.0,7,3,3
0.0,7,3,4
0.0,7,3,5
0.0,7,3,6
0.0,7,3,7
0.0,7,3,8
0.0,7,3,9
0.0,7,3,10
0.0,7,3,11
0.0,7,3,12
82.0,7,3,13
169.0,7,3,14
183.0,7,3,15
756.0,7,3,16
609.0,7,3,17
553.0,7,3,18
437.0,7,3,19
131.0,7,3,20
281.0,7,3,21
220.0,7,3,22
513.0,7,3,23
83.0,7,4,0
17.0,7,4,1
0.0,7,4,2
0.0,7,4,3
0.0,7,4,4
0.0,7,4,5
0.0,7,4,6
0.0,7,4,7
0.0,7,4,8
0.0,7,4,9
0.0,7,4,10
0.0,7,4,11
0.0,7,4,12
87.0,7,4,13
154.0,7,4,14
504.0,7,4,15
763.0,7,4,16
915.0,7,4,17
1014.0,7,4,18
1033.0,7,4,19
943.0,7,4,20
858.0,7,4,21
683.0,7,4,22
493.0,7,4,23
316.0,7,5,0
18.0,7,5,1
0.0,7,5,2
0.0,7,5,3
0.0,7,5,4
0.0,7,5,5
0.0,7,5,6
0.0,7,5,7
0.0,7,5,8
0.0,7,5,9
0.0,7,5,10
0.0,7,5,11
0.0,7,5,12
42.0,7,5,13
153.0,7,5,14
236.0,7,5,15
349.0,7,5,16
924.0,7,5,17
927.0,7,5,18
1049.0,7,5,19
798.0,7,5,20
892.0,7,5,21
455.0,7,5,22
485.0,7,5,23
207.0,7,6,0
16.0,7,6,1
0.0,7,6,2
0.0,7,6,3
0.0,7,6,4
0.0,7,6,5
0.0,7,6,6
0.0,7,6,7
0.0,7,6,8
0.0,7,6,9
0.0,7,6,10
0.0,7,6,11
0.0,7,6,12
35.0,7,6,13
253.0,7,6,14
425.0,7,6,15
753.0,7,6,16
895.0,7,6,17
993.0,7,6,18
1011.0,7,6,19
991.0,7,6,20
207.0,7,6,21
260.0,7,6,22
188.0,7,6,23
122.0,7,7,0
14.0,7,7,1
0.0,7,7,2
0.0,7,7,3
0.0,7,7,4
0.0,7,7,5
0.0,7,7,6
0.0,7,7,7
0.0,7,7,8
0.0,7,7,9
0.0,7,7,10
0.0,7,7,11
0.0,7,7,12
38.0,7,7,13
124.0,7,7,14
480.0,7,7,15
737.0,7,7,16
886.0,7,7,17
1034.0,7,7,18
915.0,7,7,19
902.0,7,7,20
853.0,7,7,21
379.0,7,7,22
149.0,7,7,23
76.0,7,8,0
15.0,7,8,1
0.0,7,8,2
0.0,7,8,3
0.0,7,8,4
0.0,7,8,5
0.0,7,8,6
0.0,7,8,7
0.0,7,8,8
0.0,7,8,9
0.0,7,8,10
0.0,7,8,11
0.0,7,8,12
98.0,7,8,13
304.0,7,8,14
558.0,7,8,15
755.0,7,8,16
938.0,7,8,17
1006.0,7,8,18
1037.0,7,8,19
954.0,7,8,20
848.0,7,8,21
680.0,7,8,22
464.0,7,8,23
228.0,7,9,0
22.0,7,9,1
0.0,7,9,2
0.0,7,9,3
0.0,7,9,4
0.0,7,9,5
0.0,7,9,6
0.0,7,9,7
0.0,7,9,8
0.0,7,9,9
0.0,7,9,10
0.0,7,9,11
0.0,7,9,12
30.0,7,9,13
268.0,7,9,14
431.0,7,9,15
748.0,7,9,16
922.0,7,9,17
1130.0,7,9,18
771.0,7,9,19
631.0,7,9,20
499.0,7,9,21
609.0,7,9,22
467.0,7,9,23
310.0,7,10,0
35.0,7,10,1
0.0,7,10,2
0.0,7,10,3
0.0,7,10,4
0.0,7,10,5
0.0,7,10,6
0.0,7,10,7
0.0,7,10,8
0.0,7,10,9
0.0,7,10,10
0.0,7,10,11
0.0,7,10,12
100.0,7,10,13
185.0,7,10,14
491.0,7,10,15
538.0,7,10,16
554.0,7,10,17
512.0,7,10,18
332.0,7,10,19
400.0,7,10,20
324.0,7,10,21
230.0,7,10,22
229.0,7,10,23
102.0,7,11,0
15.0,7,11,1
0.0,7,11,2
0.0,7,11,3
0.0,7,11,4
0.0,7,11,5
0.0,7,11,6
0.0,7,11,7
0.0,7,11,8
0.0,7,11,9
0.0,7,11,10
0.0,7,11,11
0.0,7,11,12
86.0,7,11,13
340.0,7,11,14
491.0,7,11,15
708.0,7,11,16
866.0,7,11,17
643.0,7,11,18
1043.0,7,11,19
860.0,7,11,20
411.0,7,11,21
634.0,7,11,22
218.0,7,11,23
125.0,7,12,0
16.0,7,12,1
0.0,7,12,2
0.0,7,12,3
0.0,7,12,4
0.0,7,12,5
0.0,7,12,6
0.0,7,12,7
0.0,7,12,8
0.0,7,12,9
0.0,7,12,10
0.0,7,12,11
0.0,7,12,12
28.0,7,12,13
177.0,7,12,14
296.0,7,12,15
451.0,7,12,16
419.0,7,12,17
392.0,7,12,18
400.0,7,12,19
349.0,7,12,20
285.0,7,12,21
237.0,7,12,22
138.0,7,12,23
15.0,7,13,0
10.0,7,13,1
0.0,7,13,2
0.0,7,13,3
0.0,7,13,4
0.0,7,13,5
0.0,7,13,6
0.0,7,13,7
0.0,7,13,8
0.0,7,13,9
0.0,7,13,10
0.0,7,13,11
0.0,7,13,12
71.0,7,13,13
303.0,7,13,14
474.0,7,13,15
641.0,7,13,16
905.0,7,13,17
998.0,7,13,18
1000.0,7,13,19
959.0,7,13,20
852.0,7,13,21
680.0,7,13,22
466.0,7,13,23
218.0,7,14,0
18.0,7,14,1
0.0,7,14,2
0.0,7,14,3
0.0,7,14,4
0.0,7,14,5
0.0,7,14,6
0.0,7,14,7
0.0,7,14,8
0.0,7,14,9
0.0,7,14,10
0.0,7,14,11
0.0,7,14,12
45.0,7,14,13
135.0,7,14,14
247.0,7,14,15
375.0,7,14,16
577.0,7,14,17
619.0,7,14,18
449.0,7,14,19
621.0,7,14,20
512.0,7,14,21
514.0,7,14,22
251.0,7,14,23
130.0,7,15,0
28.0,7,15,1
0.0,7,15,2
0.0,7,15,3
0.0,7,15,4
0.0,7,15,5
0.0,7,15,6
0.0,7,15,7
0.0,7,15,8
0.0,7,15,9
0.0,7,15,10
0.0,7,15,11
0.0,7,15,12
91.0,7,15,13
334.0,7,15,14
541.0,7,15,15
743.0,7,15,16
899.0,7,15,17
975.0,7,15,18
997.0,7,15,19
936.0,7,15,20
831.0,7,15,21
663.0,7,15,22
136.0,7,15,23
82.0,7,16,0
5.0,7,16,1
0.0,7,16,2
0.0,7,16,3
0.0,7,16,4
0.0,7,16,5
0.0,7,16,6
0.0,7,16,7
0.0,7,16,8
0.0,7,16,9
0.0,7,16,10
0.0,7,16,11
0.0,7,16,12
47.0,7,16,13
291.0,7,16,14
394.0,7,16,15
726.0,7,16,16
901.0,7,16,17
938.0,7,16,18
1014.0,7,16,19
798.0,7,16,20
789.0,7,16,21
644.0,7,16,22
196.0,7,16,23
49.0,7,17,0
14.0,7,17,1
0.0,7,17,2
0.0,7,17,3
0.0,7,17,4
0.0,7,17,5
0.0,7,17,6
0.0,7,17,7
0.0,7,17,8
0.0,7,17,9
0.0,7,17,10
0.0,7,17,11
0.0,7,17,12
37.0,7,17,13
213.0,7,17,14
641.0,7,17,15
224.0,7,17,16
934.0,7,17,17
1003.0,7,17,18
1012.0,7,17,19
953.0,7,17,20
837.0,7,17,21
681.0,7,17,22
471.0,7,17,23
299.0,7,18,0
8.0,7,18,1
0.0,7,18,2
0.0,7,18,3
0.0,7,18,4
0.0,7,18,5
0.0,7,18,6
0.0,7,18,7
0.0,7,18,8
0.0,7,18,9
0.0,7,18,10
0.0,7,18,11
0.0,7,18,12
8.0,7,18,13
59.0,7,18,14
227.0,7,18,15
350.0,7,18,16
931.0,7,18,17
498.0,7,18,18
1019.0,7,18,19
896.0,7,18,20
817.0,7,18,21
678.0,7,18,22
490.0,7,18,23
64.0,7,19,0
37.0,7,19,1
0.0,7,19,2
0.0,7,19,3
0.0,7,19,4
0.0,7,19,5
0.0,7,19,6
0.0,7,19,7
0.0,7,19,8
0.0,7,19,9
0.0,7,19,10
0.0,7,19,11
0.0,7,19,12
90.0,7,19,13
315.0,7,19,14
570.0,7,19,15
749.0,7,19,16
933.0,7,19,17
1016.0,7,19,18
395.0,7,19,19
999.0,7,19,20
867.0,7,19,21
642.0,7,19,22
414.0,7,19,23
52.0,7,20,0
13.0,7,20,1
0.0,7,20,2
0.0,7,20,3
0.0,7,20,4
0.0,7,20,5
0.0,7,20,6
0.0,7,20,7
0.0,7,20,8
0.0,7,20,9
0.0,7,20,10
0.0,7,20,11
0.0,7,20,12
40.0,7,20,13
326.0,7,20,14
243.0,7,20,15
797.0,7,20,16
890.0,7,20,17
1032.0,7,20,18
1029.0,7,20,19
986.0,7,20,20
861.0,7,20,21
355.0,7,20,22
269.0,7,20,23
200.0,7,21,0
22.0,7,21,1
0.0,7,21,2
0.0,7,21,3
0.0,7,21,4
0.0,7,21,5
0.0,7,21,6
0.0,7,21,7
0.0,7,21,8
0.0,7,21,9
0.0,7,21,10
0.0,7,21,11
0.0,7,21,12
42.0,7,21,13
76.0,7,21,14
266.0,7,21,15
194.0,7,21,16
441.0,7,21,17
823.0,7,21,18
1063.0,7,21,19
891.0,7,21,20
868.0,7,21,21
686.0,7,21,22
460.0,7,21,23
58.0,7,22,0
6.0,7,22,1
0.0,7,22,2
0.0,7,22,3
0.0,7,22,4
0.0,7,22,5
0.0,7,22,6
0.0,7,22,7
0.0,7,22,8
0.0,7,22,9
0.0,7,22,10
0.0,7,22,11
0.0,7,22,12
32.0,7,22,13
268.0,7,22,14
555.0,7,22,15
950.0,7,22,16
985.0,7,22,17
1020.0,7,22,18
1060.0,7,22,19
1013.0,7,22,20
873.0,7,22,21
702.0,7,22,22
448.0,7,22,23
226.0,7,23,0
43.0,7,23,1
0.0,7,23,2
0.0,7,23,3
0.0,7,23,4
0.0,7,23,5
0.0,7,23,6
0.0,7,23,7
0.0,7,23,8
0.0,7,23,9
0.0,7,23,10
0.0,7,23,11
0.0,7,23,12
42.0,7,23,13
296.0,7,23,14
549.0,7,23,15
747.0,7,23,16
913.0,7,23,17
1005.0,7,23,18
1043.0,7,23,19
859.0,7,23,20
531.0,7,23,21
691.0,7,23,22
471.0,7,23,23
185.0,7,24,0
4.0,7,24,1
0.0,7,24,2
0.0,7,24,3
0.0,7,24,4
0.0,7,24,5
0.0,7,24,6
0.0,7,24,7
0.0,7,24,8
0.0,7,24,9
0.0,7,24,10
0.0,7,24,11
0.0,7,24,12
50.0,7,24,13
281.0,7,24,14
546.0,7,24,15
780.0,7,24,16
726.0,7,24,17
698.0,7,24,18
1203.0,7,24,19
754.0,7,24,20
834.0,7,24,21
671.0,7,24,22
463.0,7,24,23
229.0,7,25,0
10.0,7,25,1
0.0,7,25,2
0.0,7,25,3
0.0,7,25,4
0.0,7,25,5
0.0,7,25,6
0.0,7,25,7
0.0,7,25,8
0.0,7,25,9
0.0,7,25,10
0.0,7,25,11
0.0,7,25,12
60.0,7,25,13
319.0,7,25,14
573.0,7,25,15
770.0,7,25,16
920.0,7,25,17
1014.0,7,25,18
1033.0,7,25,19
721.0,7,25,20
837.0,7,25,21
690.0,7,25,22
475.0,7,25,23
234.0,7,26,0
9.0,7,26,1
0.0,7,26,2
0.0,7,26,3
0.0,7,26,4
0.0,7,26,5
0.0,7,26,6
0.0,7,26,7
0.0,7,26,8
0.0,7,26,9
0.0,7,26,10
0.0,7,26,11
0.0,7,26,12
50.0,7,26,13
302.0,7,26,14
190.0,7,26,15
780.0,7,26,16
926.0,7,26,17
1025.0,7,26,18
1041.0,7,26,19
303.0,7,26,20
523.0,7,26,21
682.0,7,26,22
455.0,7,26,23
192.0,7,27,0
6.0,7,27,1
0.0,7,27,2
0.0,7,27,3
0.0,7,27,4
0.0,7,27,5
0.0,7,27,6
0.0,7,27,7
0.0,7,27,8
0.0,7,27,9
0.0,7,27,10
0.0,7,27,11
0.0,7,27,12
62.0,7,27,13
245.0,7,27,14
464.0,7,27,15
657.0,7,27,16
835.0,7,27,17
975.0,7,27,18
996.0,7,27,19
551.0,7,27,20
247.0,7,27,21
666.0,7,27,22
364.0,7,27,23
159.0,7,28,0
8.0,7,28,1
0.0,7,28,2
0.0,7,28,3
0.0,7,28,4
0.0,7,28,5
0.0,7,28,6
0.0,7,28,7
0.0,7,28,8
0.0,7,28,9
0.0,7,28,10
0.0,7,28,11
0.0,7,28,12
55.0,7,28,13
305.0,7,28,14
553.0,7,28,15
762.0,7,28,16
920.0,7,28,17
1004.0,7,28,18
1044.0,7,28,19
736.0,7,28,20
224.0,7,28,21
694.0,7,28,22
474.0,7,28,23
248.0,7,29,0
16.0,7,29,1
0.0,7,29,2
0.0,7,29,3
0.0,7,29,4
0.0,7,29,5
0.0,7,29,6
0.0,7,29,7
0.0,7,29,8
0.0,7,29,9
0.0,7,29,10
0.0,7,29,11
0.0,7,29,12
49.0,7,29,13
318.0,7,29,14
590.0,7,29,15
737.0,7,29,16
781.0,7,29,17
1100.0,7,29,18
1009.0,7,29,19
589.0,7,29,20
638.0,7,29,21
689.0,7,29,22
470.0,7,29,23
72.0,7,30,0
8.0,7,30,1
0.0,7,30,2
0.0,7,30,3
0.0,7,30,4
0.0,7,30,5
0.0,7,30,6
0.0,7,30,7
0.0,7,30,8
0.0,7,30,9
0.0,7,30,10
0.0,7,30,11
0.0,7,30,12
50.0,7,30,13
192.0,7,30,14
426.0,7,30,15
573.0,7,30,16
772.0,7,30,17
395.0,7,30,18
781.0,7,30,19
863.0,7,30,20
761.0,7,30,21
669.0,7,30,22
250.0,7,30,23
180.0,7,31,0
12.0,7,31,1
0.0,7,31,2
0.0,7,31,3
0.0,7,31,4
0.0,7,31,5
0.0,7,31,6
0.0,7,31,7
0.0,7,31,8
0.0,7,31,9
0.0,7,31,10
0.0,7,31,11
0.0,7,31,12
66.0,7,31,13
254.0,7,31,14
528.0,7,31,15
743.0,7,31,16
910.0,7,31,17
1025.0,7,31,18
1046.0,7,31,19
745.0,7,31,20
838.0,7,31,21
438.0,7,31,22
314.0,7,31,23
