25.7,11,1,0
25.2,11,1,1
23.8,11,1,2
23.2,11,1,3
22.7,11,1,4
22.5,11,1,5
21.8,11,1,6
21.9,11,1,7
22.2,11,1,8
21.6,11,1,9
21.3,11,1,10
21.7,11,1,11
21.5,11,1,12
21.8,11,1,13
22.4,11,1,14
23.9,11,1,15
26.7,11,1,16
28.7,11,1,17
30.3,11,1,18
31.3,11,1,19
32.3,11,1,20
32.8,11,1,21
33.5,11,1,22
33.0,11,1,23
29.4,11,2,0
26.2,11,2,1
25.0,11,2,2
23.4,11,2,3
22.7,11,2,4
21.8,11,2,5
21.2,11,2,6
20.3,11,2,7
19.9,11,2,8
20.5,11,2,9
19.8,11,2,10
20.1,11,2,11
19.8,11,2,12
20.1,11,2,13
21.1,11,2,14
23.3,11,2,15
27.7,11,2,16
29.7,11,2,17
31.4,11,2,18
32.8,11,2,19
33.5,11,2,20
33.9,11,2,21
34.1,11,2,22
33.5,11,2,23
29.7,11,3,0
27.9,11,3,1
22.9,11,3,2
22.9,11,3,3
23.0,11,3,4
22.9,11,3,5
22.4,11,3,6
22.5,11,3,7
22.5,11,3,8
22.5,11,3,9
22.6,11,3,10
22.4,11,3,11
22.2,11,3,12
22.4,11,3,13
22.9,11,3,14
24.6,11,3,15
28.8,11,3,16
29.7,11,3,17
31.0,11,3,18
32.1,11,3,19
32.7,11,3,20
33.1,11,3,21
33.3,11,3,22
32.1,11,3,23
28.9,11,4,0
27.0,11,4,1
25.9,11,4,2
24.8,11,4,3
24.8,11,4,4
23.9,11,4,5
22.9,11,4,6
23.1,11,4,7
22.4,11,4,8
21.7,11,4,9
21.5,11,4,10
21.4,11,4,11
22.1,11,4,12
21.7,11,4,13
22.5,11,4,14
24.5,11,4,15
28.5,11,4,16
30.3,11,4,17
31.5,11,4,18
32.6,11,4,19
33.2,11,4,20
34.0,11,4,21
34.4,11,4,22
34.0,11,4,23
30.8,11,5,0
28.0,11,5,1
26.7,11,5,2
25.0,11,5,3
24.6,11,5,4
24.5,11,5,5
23.9,11,5,6
24.0,11,5,7
23.1,11,5,8
22.8,11,5,9
22.6,11,5,10
21.8,11,5,11
21.2,11,5,12
20.3,11,5,13
21.7,11,5,14
24.0,11,5,15
28.6,11,5,16
31.0,11,5,17
32.2,11,5,18
32.4,11,5,19
33.9,11,5,20
34.2,11,5,21
34.1,11,5,22
33.2,11,5,23
29.8,11,6,0
27.3,11,6,1
26.2,11,6,2
24.5,11,6,3
23.5,11,6,4
22.4,11,6,5
21.8,11,6,6
21.4,11,6,7
20.3,11,6,8
20.2,11,6,9
19.9,11,6,10
19.2,11,6,11
18.7,11,6,12
18.9,11,6,13
20.5,11,6,14
22.5,11,6,15
27.6,11,6,16
29.5,11,6,17
31.4,11,6,18
32.2,11,6,19
33.3,11,6,20
34.1,11,6,21
34.4,11,6,22
33.2,11,6,23
29.4,11,7,0
27.4,11,7,1
26.7,11,7,2
24.6,11,7,3
23.8,11,7,4
24.2,11,7,5
24.1,11,7,6
23.9,11,7,7
23.9,11,7,8
23.7,11,7,9
23.4,11,7,10
22.5,11,7,11
21.6,11,7,12
21.2,11,7,13
21.2,11,7,14
23.2,11,7,15
27.2,11,7,16
29.0,11,7,17
29.7,11,7,18
31.0,11,7,19
31.9,11,7,20
32.0,11,7,21
32.3,11,7,22
31.2,11,7,23
29.0,11,8,0
26.9,11,8,1
25.9,11,8,2
25.0,11,8,3
24.7,11,8,4
24.5,11,8,5
22.3,11,8,6
21.8,11,8,7
22.0,11,8,8
21.8,11,8,9
22.0,11,8,10
22.0,11,8,11
21.8,11,8,12
21.5,11,8,13
22.0,11,8,14
23.8,11,8,15
24.8,11,8,16
28.1,11,8,17
29.3,11,8,18
30.7,11,8,19
31.6,11,8,20
31.7,11,8,21
31.9,11,8,22
30.5,11,8,23
28.4,11,9,0
26.7,11,9,1
25.7,11,9,2
25.8,11,9,3
25.2,11,9,4
25.2,11,9,5
24.7,11,9,6
24.2,11,9,7
23.9,11,9,8
22.8,11,9,9
21.8,11,9,10
21.2,11,9,11
20.8,11,9,12
20.7,11,9,13
22.3,11,9,14
24.3,11,9,15
28.6,11,9,16
30.6,11,9,17
31.9,11,9,18
33.3,11,9,19
33.8,11,9,20
34.6,11,9,21
35.0,11,9,22
33.3,11,9,23
29.9,11,10,0
27.5,11,10,1
27.3,11,10,2
26.0,11,10,3
25.8,11,10,4
25.2,11,10,5
23.9,11,10,6
24.3,11,10,7
24.1,11,10,8
23.9,11,10,9
23.1,11,10,10
22.3,11,10,11
21.8,11,10,12
21.1,11,10,13
22.5,11,10,14
24.8,11,10,15
29.3,11,10,16
31.4,11,10,17
32.6,11,10,18
33.2,11,10,19
34.0,11,10,20
34.9,11,10,21
34.7,11,10,22
33.6,11,10,23
30.5,11,11,0
28.0,11,11,1
27.3,11,11,2
25.8,11,11,3
24.5,11,11,4
25.0,11,11,5
24.5,11,11,6
23.8,11,11,7
22.6,11,11,8
22.4,11,11,9
21.6,11,11,10
21.1,11,11,11
20.8,11,11,12
20.4,11,11,13
21.6,11,11,14
24.2,11,11,15
28.7,11,11,16
30.6,11,11,17
32.2,11,11,18
33.4,11,11,19
34.5,11,11,20
34.9,11,11,21
35.2,11,11,22
34.8,11,11,23
30.7,11,12,0
28.2,11,12,1
27.2,11,12,2
24.7,11,12,3
24.0,11,12,4
24.4,11,12,5
23.7,11,12,6
22.8,11,12,7
22.9,11,12,8
22.1,11,12,9
22.0,11,12,10
21.6,11,12,11
21.5,11,12,12
21.6,11,12,13
22.9,11,12,14
24.6,11,12,15
29.1,11,12,16
31.5,11,12,17
33.0,11,12,18
34.4,11,12,19
35.3,11,12,20
34.1,11,12,21
34.4,11,12,22
34.7,11,12,23
30.6,11,13,0
27.6,11,13,1
26.7,11,13,2
24.8,11,13,3
24.1,11,13,4
22.8,11,13,5
22.4,11,13,6
21.6,11,13,7
20.2,11,13,8
20.0,11,13,9
20.4,11,13,10
18.8,11,13,11
19.0,11,13,12
18.2,11,13,13
19.9,11,13,14
22.8,11,13,15
28.7,11,13,16
30.9,11,13,17
32.3,11,13,18
33.2,11,13,19
34.1,11,13,20
35.2,11,13,21
33.3,11,13,22
30.8,11,13,23
30.1,11,14,0
28.5,11,14,1
27.6,11,14,2
27.2,11,14,3
26.3,11,14,4
26.2,11,14,5
25.0,11,14,6
24.3,11,14,7
23.3,11,14,8
22.1,11,14,9
21.7,11,14,10
20.8,11,14,11
20.1,11,14,12
20.1,11,14,13
21.2,11,14,14
23.8,11,14,15
29.4,11,14,16
31.3,11,14,17
32.7,11,14,18
33.3,11,14,19
34.1,11,14,20
35.3,11,14,21
35.5,11,14,22
34.1,11,14,23
30.0,11,15,0
28.8,11,15,1
27.6,11,15,2
28.2,11,15,3
27.1,11,15,4
26.3,11,15,5
24.4,11,15,6
23.0,11,15,7
22.0,11,15,8
21.6,11,15,9
19.7,11,15,10
19.7,11,15,11
18.2,11,15,12
18.3,11,15,13
19.7,11,15,14
22.3,11,15,15
27.5,11,15,16
30.0,11,15,17
31.2,11,15,18
32.9,11,15,19
33.7,11,15,20
34.6,11,15,21
34.5,11,15,22
33.2,11,15,23
29.8,11,16,0
27.4,11,16,1
27.2,11,16,2
25.0,11,16,3
24.4,11,16,4
25.0,11,16,5
24.9,11,16,6
23.9,11,16,7
23.2,11,16,8
22.6,11,16,9
22.6,11,16,10
21.5,11,16,11
21.0,11,16,12
19.9,11,16,13
21.4,11,16,14
23.8,11,16,15
29.0,11,16,16
31.2,11,16,17
32.8,11,16,18
33.8,11,16,19
34.3,11,16,20
34.9,11,16,21
34.8,11,16,22
34.5,11,16,23
30.1,11,17,0
28.0,11,17,1
27.2,11,17,2
25.1,11,17,3
24.1,11,17,4
23.7,11,17,5
22.5,11,17,6
22.2,11,17,7
21.6,11,17,8
21.2,11,17,9
20.6,11,17,10
20.0,11,17,11
19.9,11,17,12
19.7,11,17,13
21.1,11,17,14
23.0,11,17,15
27.5,11,17,16
30.0,11,17,17
31.1,11,17,18
33.0,11,17,19
33.8,11,17,20
32.2,11,17,21
31.6,11,17,22
31.0,11,17,23
28.5,11,18,0
27.1,11,18,1
26.0,11,18,2
24.5,11,18,3
24.2,11,18,4
23.3,11,18,5
22.5,11,18,6
21.8,11,18,7
21.6,11,18,8
21.1,11,18,9
20.3,11,18,10
19.9,11,18,11
19.6,11,18,12
19.5,11,18,13
20.9,11,18,14
23.0,11,18,15
27.1,11,18,16
29.4,11,18,17
31.9,11,18,18
32.4,11,18,19
33.3,11,18,20
34.0,11,18,21
34.0,11,18,22
33.6,11,18,23
30.7,11,19,0
27.6,11,19,1
26.6,11,19,2
25.4,11,19,3
24.5,11,19,4
23.6,11,19,5
23.2,11,19,6
23.2,11,19,7
22.7,11,19,8
23.4,11,19,9
22.9,11,19,10
22.0,11,19,11
21.4,11,19,12
21.6,11,19,13
22.9,11,19,14
24.5,11,19,15
24.7,11,19,16
26.4,11,19,17
29.6,11,19,18
28.7,11,19,19
29.8,11,19,20
29.9,11,19,21
28.7,11,19,22
28.6,11,19,23
26.3,11,20,0
24.7,11,20,1
23.8,11,20,2
23.1,11,20,3
22.5,11,20,4
22.1,11,20,5
21.2,11,20,6
21.9,11,20,7
21.8,11,20,8
21.5,11,20,9
20.9,11,20,10
20.2,11,20,11
20.2,11,20,12
20.5,11,20,13
21.1,11,20,14
21.6,11,20,15
24.6,11,20,16
28.3,11,20,17
31.2,11,20,18
32.3,11,20,19
34.1,11,20,20
34.6,11,20,21
35.0,11,20,22
34.1,11,20,23
30.4,11,21,0
27.6,11,21,1
26.6,11,21,2
25.6,11,21,3
23.2,11,21,4
22.6,11,21,5
22.1,11,21,6
21.5,11,21,7
20.6,11,21,8
20.3,11,21,9
20.2,11,21,10
19.5,11,21,11
18.9,11,21,12
18.8,11,21,13
20.5,11,21,14
22.3,11,21,15
26.8,11,21,16
30.2,11,21,17
32.0,11,21,18
32.8,11,21,19
33.9,11,21,20
34.6,11,21,21
34.4,11,21,22
33.5,11,21,23
30.5,11,22,0
28.3,11,22,1
27.2,11,22,2
26.3,11,22,3
25.0,11,22,4
24.3,11,22,5
20.0,11,22,6
20.2,11,22,7
20.2,11,22,8
20.2,11,22,9
19.8,11,22,10
19.5,11,22,11
19.3,11,22,12
18.9,11,22,13
19.4,11,22,14
20.4,11,22,15
22.8,11,22,16
25.2,11,22,17
28.8,11,22,18
30.1,11,22,19
31.0,11,22,20
31.4,11,22,21
31.3,11,22,22
31.1,11,22,23
27.7,11,23,0
25.8,11,23,1
25.3,11,23,2
26.3,11,23,3
24.8,11,23,4
23.2,11,23,5
22.3,11,23,6
21.8,11,23,7
21.0,11,23,8
20.6,11,23,9
19.1,11,23,10
18.6,11,23,11
17.9,11,23,12
17.7,11,23,13
19.4,11,23,14
21.9,11,23,15
26.5,11,23,16
29.1,11,23,17
30.8,11,23,18
31.3,11,23,19
32.3,11,23,20
33.4,11,23,21
33.6,11,23,22
32.1,11,23,23
27.7,11,24,0
26.7,11,24,1
25.8,11,24,2
24.7,11,24,3
23.7,11,24,4
23.4,11,24,5
24.2,11,24,6
22.5,11,24,7
22.0,11,24,8
21.0,11,24,9
20.7,11,24,10
19.9,11,24,11
19.2,11,24,12
18.9,11,24,13
19.6,11,24,14
22.3,11,24,15
27.6,11,24,16
28.4,11,24,17
29.9,11,24,18
31.7,11,24,19
32.6,11,24,20
33.4,11,24,21
33.6,11,24,22
31.7,11,24,23
27.8,11,25,0
27.0,11,25,1
25.0,11,25,2
23.6,11,25,3
23.1,11,25,4
21.6,11,25,5
21.1,11,25,6
20.3,11,25,7
19.9,11,25,8
19.7,11,25,9
19.1,11,25,10
18.6,11,25,11
18.1,11,25,12
18.0,11,25,13
19.9,11,25,14
22.3,11,25,15
26.0,11,25,16
29.4,11,25,17
31.1,11,25,18
32.6,11,25,19
33.3,11,25,20
34.0,11,25,21
32.4,11,25,22
30.6,11,25,23
28.2,11,26,0
26.9,11,26,1
26.0,11,26,2
24.4,11,26,3
23.1,11,26,4
22.4,11,26,5
22.1,11,26,6
21.2,11,26,7
20.9,11,26,8
20.3,11,26,9
20.2,11,26,10
19.5,11,26,11
18.8,11,26,12
18.4,11,26,13
19.5,11,26,14
22.2,11,26,15
27.5,11,26,16
30.3,11,26,17
32.3,11,26,18
33.0,11,26,19
33.8,11,26,20
34.5,11,26,21
33.6,11,26,22
33.9,11,26,23
29.5,11,27,0
27.3,11,27,1
25.5,11,27,2
24.3,11,27,3
22.8,11,27,4
22.2,11,27,5
22.1,11,27,6
21.3,11,27,7
21.3,11,27,8
20.3,11,27,9
20.4,11,27,10
20.0,11,27,11
19.2,11,27,12
19.2,11,27,13
21.3,11,27,14
23.3,11,27,15
27.8,11,27,16
32.3,11,27,17
32.4,11,27,18
32.7,11,27,19
32.7,11,27,20
31.9,11,27,21
31.6,11,27,22
30.1,11,27,23
27.7,11,28,0
27.0,11,28,1
25.4,11,28,2
25.1,11,28,3
23.5,11,28,4
21.8,11,28,5
22.0,11,28,6
20.9,11,28,7
19.8,11,28,8
19.3,11,28,9
19.0,11,28,10
18.6,11,28,11
18.4,11,28,12
17.6,11,28,13
18.8,11,28,14
21.1,11,28,15
26.8,11,28,16
29.9,11,28,17
32.1,11,28,18
33.2,11,28,19
33.8,11,28,20
34.9,11,28,21
35.2,11,28,22
33.8,11,28,23
30.6,11,29,0
28.0,11,29,1
26.0,11,29,2
24.3,11,29,3
23.3,11,29,4
23.1,11,29,5
22.6,11,29,6
21.5,11,29,7
20.7,11,29,8
20.4,11,29,9
19.5,11,29,10
19.3,11,29,11
18.5,11,29,12
18.1,11,29,13
19.2,11,29,14
22.0,11,29,15
27.4,11,29,16
29.5,11,29,17
31.3,11,29,18
31.9,11,29,19
32.8,11,29,20
33.6,11,29,21
33.8,11,29,22
32.8,11,29,23
28.3,11,30,0
26.1,11,30,1
24.8,11,30,2
22.6,11,30,3
21.3,11,30,4
20.3,11,30,5
19.5,11,30,6
19.4,11,30,7
18.2,11,30,8
17.6,11,30,9
16.8,11,30,10
16.2,11,30,11
16.0,11,30,12
15.3,11,30,13
16.6,11,30,14
19.8,11,30,15
25.1,11,30,16
28.0,11,30,17
29.8,11,30,18
31.2,11,30,19
32.3,11,30,20
32.7,11,30,21
33.4,11,30,22
32.5,11,30,23
